0.227675
0.232800
0.238175
0.243362
0.248488
0.253613
0.258675
0.263675
0.268675
0.273675
0.278613
0.283550
0.288550
0.293488
0.298488
0.303363
0.308363
0.313300
0.318238
0.323175
0.328113
0.333050
0.337988
0.342863
0.347800
0.352738
0.357613
0.362550
0.367550
0.372488
0.377488
0.382488
0.387550
0.392675
0.397738
0.402800
0.407925
0.412988
0.418050
0.423113
0.428113
0.433113
0.438050
0.442988
0.447863
0.452800
0.457738
0.462613
0.467488
0.472425
0.477300
0.482175
0.487050
0.491863
0.496738
0.501550
0.506363
0.511112
0.515863
0.520613
0.525363
0.530112
0.534863
0.539550
0.544362
0.549238
0.554175
0.559550
0.754425
0.758425
0.763112
0.767988
0.772988
0.778050
0.783238
0.788550
0.793925
0.799425
0.804987
0.810738
0.887800
0.892363
0.897425
0.902488
0.907550
0.912613
0.917737
0.922800
0.927863
0.932987
0.938050
0.943175
0.948238
0.953363
0.958488
0.963675
0.968863
0.974050
0.979175
0.984425
0.989613
0.994800
0.999988
1.005175
1.010425
1.015613
1.020863
1.026113
1.031363
1.036612
1.041862
1.047113
1.052425
1.057675
1.062925
1.068175
1.073487
1.078738
1.084050
1.089425
1.094863
1.100363
1.105925
1.111488
1.117175
1.122863
1.128488
1.134175
1.139738
1.145363
1.150925
1.156550
1.162300
1.167988
1.173800
1.179613
1.185550
1.191425
1.197425
1.203425
1.209550
1.215675
1.221863
1.228050
1.234300
1.240488
1.246800
1.253050
1.259362
1.265675
1.271988
1.278300
1.284550
1.290800
1.297050
1.303300
1.309550
1.315738
1.321925
1.328050
1.334175
1.340300
1.346363
1.352425
1.358488
1.364550
1.370613
1.376863
1.383425
1.390238
1.397050
1.416613
1.422238
1.428300
1.434487
1.440613
1.446738
1.452738
1.458738
1.464800
1.470863
1.476863
1.482863
1.488863
1.494987
1.501050
1.507113
1.513050
1.519113
1.525050
1.531050
1.537300
1.659113
1.663237
1.669050
1.674862
1.680800
1.686925
1.693113
1.699363
1.705675
1.712112
1.718613
1.725175
1.731800
1.738425
1.744987
1.751362
1.757613
1.763800
1.769988
1.775988
1.781863
1.787800
1.793738
1.799675
1.805675
1.811613
1.817613
1.823613
1.829550
1.835550
1.841550
1.847550
1.853550
1.859550
1.865488
1.871425
1.877425
1.883363
1.889300
1.895300
1.901237
1.907175
1.913113
1.919113
1.924988
1.930925
1.936800
1.942675
1.948550
1.954363
1.960238
1.966050
1.971863
1.977675
1.983425
1.989238
1.995113
2.001050
2.007050
2.013113
2.019363
2.025863
2.032488
2.039550
2.063425
2.068862
2.074613
2.080300
2.086050
2.091737
2.097550
2.103425
2.109363
2.115300
2.121237
2.127175
2.133113
2.139113
2.145050
2.151050
2.156988
2.162987
2.168925
2.174987
2.181300
2.187800
2.194425
2.201175
2.207737
2.214425
2.220988
2.227425
2.233925
2.240300
2.246550
2.252800
2.258987
2.265112
2.271238
2.277425
2.283550
2.289800
2.295987
2.302237
2.308488
2.314800
2.321175
2.327550
2.333863
2.340238
2.346487
2.352737
2.358925
2.365113
2.371488
2.377737
2.383925
2.390550
