0.239550
0.243488
0.247738
0.251988
0.256238
0.260550
0.264800
0.269113
0.273363
0.277675
0.281988
0.286363
0.290675
0.295113
0.299613
0.304300
0.309050
0.314113
0.319300
0.324675
0.330175
0.335863
0.341738
0.382488
0.387050
0.391738
0.396550
0.401488
0.406425
0.411488
0.416550
0.421675
0.426800
0.431988
0.437238
0.442488
0.447738
0.452988
0.458238
0.463488
0.468738
0.473988
0.479238
0.484425
0.489675
0.494863
0.499988
0.505175
0.510300
0.515425
0.520487
0.525550
0.530550
0.535550
0.540613
0.545613
0.550800
0.556050
0.561300
0.566675
0.572050
0.577425
0.582738
0.588050
0.593300
0.598488
0.603613
0.608738
0.613738
0.618738
0.623675
0.628675
0.633613
0.638487
0.643487
0.648425
0.653363
0.658363
0.663363
0.668362
0.673425
0.678488
0.683550
0.688675
0.693738
0.698863
0.703925
0.709050
0.714175
0.719237
0.724300
0.729363
0.734363
0.739363
0.744363
0.749300
0.754238
0.759175
0.764050
0.768925
0.773863
0.778737
0.783613
0.788488
0.793362
0.798238
0.803175
0.808113
0.812987
0.817925
0.822863
0.827800
0.832800
0.837738
0.842738
0.847800
0.852862
0.857925
0.863113
0.868300
0.873487
0.878675
0.883863
0.889050
0.894175
0.899300
0.904363
0.909425
0.914425
0.919488
0.924613
0.929675
0.934800
0.939925
0.944987
0.950113
0.955300
0.960425
0.965612
0.970800
0.975988
0.981300
0.986488
0.991800
0.997113
1.002425
1.007738
1.013050
1.018425
1.023738
1.029113
1.034425
1.039862
1.045238
1.050675
1.056300
1.062113
1.068113
1.074550
1.129863
1.134675
1.140800
1.147050
1.153363
1.159738
1.166175
1.172738
1.179237
1.185800
1.192425
1.199050
1.205675
1.212300
1.218925
1.225425
1.231988
1.238488
1.244987
1.251488
1.257925
1.264425
1.270738
1.277175
1.283613
1.290175
1.296738
1.303300
1.309925
1.316488
1.484238
1.490863
1.496050
1.502550
1.508363
1.514363
1.520300
1.526237
1.532237
1.538738
1.545425
1.576738
1.581988
1.587300
1.592800
1.598363
1.603863
1.609425
1.614988
1.620550
1.626113
1.631800
1.637488
1.643238
1.648988
1.654738
1.660550
1.666363
1.672175
1.678113
1.684175
1.690425
1.696800
1.703300
1.709988
1.716363
1.722800
1.729050
1.735113
1.741113
1.747050
1.752863
1.758675
1.764425
1.770175
1.775925
1.781550
1.787238
1.792925
1.798675
1.804425
1.810175
1.815925
1.821925
1.827738
1.833613
1.839487
1.845363
1.851238
1.857175
1.863112
1.868988
1.874925
1.880800
1.886613
1.892488
1.898300
1.904175
1.909925
1.915738
1.921550
1.927300
1.933050
1.938738
1.944613
1.950425
1.956300
1.962175
1.968175
1.974175
1.980112
1.985737
1.991238
1.996675
2.002050
2.007425
2.012863
2.018175
2.023550
2.028863
2.034238
2.039550
2.044925
2.050362
2.055862
2.061550
2.067238
2.073050
2.078988
2.084988
2.091175
2.097800
2.138425
2.142925
2.148487
2.154113
2.159737
2.165363
2.170987
2.176613
2.182363
2.188050
2.193800
2.199550
2.205425
2.211362
2.217300
2.223238
2.229363
2.235863
2.242363
2.254175
2.277988
2.289613
2.345988
2.352675
2.364113
2.369362
2.375800
2.380550
2.386862
2.392425
2.398238
2.404050
2.409863
2.415738
2.421550
2.427425
2.433175
2.438988
2.444925
2.450738
2.456550
2.462425
2.468237
2.474112
2.479988
2.486050
2.492237
2.498488
2.504800
2.511175
2.517550
2.523988
2.530425
2.536925
2.543425
2.549863
2.556300
2.562675
2.568925
2.575050
2.580925
2.586863
2.592738
2.598550
2.604300
2.610175
2.616050
2.621925
2.627925
2.633863
2.639800
2.645738
2.651675
2.657612
2.663550
2.669488
2.675550
2.681550
2.687675
2.693738
2.699863
2.705988
2.712112
2.718175
2.724300
2.730363
2.736425
2.742550
2.749050
2.842800
2.846300
2.879363
2.891987
2.906487
2.913238
2.917863
2.924363
2.929925
2.935738
2.941613
2.947363
2.953238
2.959112
2.964987
2.970925
2.976800
2.982737
2.988612
2.994613
3.000612
3.006675
3.012738
3.018863
3.024987
3.031175
3.037363
3.043613
3.049800
3.056113
3.062362
3.068613
3.074925
3.081363
3.087737
3.094175
3.100675
3.107175
3.113675
3.120175
3.126613
3.133175
3.139550
3.145987
3.152487
