0.217312500
0.222312500
0.227250000
0.232687500
0.237937500
0.243250000
0.248625000
0.253875000
0.259125000
0.264187500
0.269312500
0.274687500
0.279875000
0.284812500
0.290125000
0.295250000
0.300375000
0.305500000
0.310562500
0.315687500
0.320750000
0.325625000
0.330625000
0.335562500
0.340562500
0.345562500
0.350750000
0.356000000
0.512812500
0.518125000
0.523812500
0.529625000
0.535562500
0.541437500
0.547437500
0.553437500
0.559375000
0.565500000
0.571562500
0.577562500
0.583625000
0.589687500
0.595750000
0.601812500
0.608000000
0.614062500
0.620125000
0.626250000
0.632312500
0.638375000
0.644437500
0.650500000
0.656562500
0.662562500
0.668625000
0.674750000
0.680750000
0.686812500
0.692812500
0.698875000
0.704937500
0.710875000
0.716875000
0.722812500
0.728750000
0.734750000
0.740625000
0.746562500
0.752500000
0.758500000
0.764500000
0.770562500
1.011812500
1.017000000
1.022312500
1.027500000
1.032687500
1.037875000
1.043125000
1.048250000
1.053375000
1.058500000
1.063562500
1.068750000
1.073750000
1.079125000
1.084125000
1.089312500
1.094500000
1.099687500
1.104937500
1.110312500
1.115750000
1.120937500
1.126250000
1.131500000
1.136750000
1.142062500
1.147312500
1.152562500
1.157875000
1.163062500
1.168437500
1.173562500
1.178875000
1.184250000
1.189625000
1.195312500
1.201250000
1.207312500
1.213812500
1.356437500
1.362437500
1.368437500
1.374312500
1.380250000
1.386250000
1.392125000
1.398000000
1.403812500
1.409687500
1.415500000
1.421312500
1.427062500
1.432812500
1.438500000
1.444250000
1.449937500
1.455625000
1.461312500
1.466875000
1.472750000
1.478375000
1.484187500
1.489812500
1.495750000
1.501500000
1.507312500
1.513187500
1.519062500
1.524937500
1.530812500
1.536750000
1.542750000
1.548750000
1.554812500
1.560937500
1.567062500
1.573187500
1.579375000
1.585625000
1.591875000
1.598250000
1.604750000
1.611250000
1.617750000
1.624375000
1.631000000
1.637937500
1.644687500
1.651437500
1.658062500
1.664812500
1.671750000
1.678250000
1.687062500
1.692375000
1.706812500
1.711625000
1.727187500
1.732125000
1.742250000
1.747187500
1.754937500
1.760250000
1.766750000
1.773187500
1.779500000
1.785812500
1.792125000
1.798500000
1.804750000
1.810937500
1.817187500
1.823562500
1.829875000
1.836250000
1.842562500
1.848937500
1.855250000
1.861625000
1.867937500
1.874187500
1.880437500
1.886750000
1.893125000
1.899500000
1.905937500
1.912312500
1.918687500
1.925125000
1.931562500
1.937812500
1.943812500
1.950187500
1.956812500
1.962875000
2.092562500
2.098625000
2.104625000
2.110687500
2.116750000
2.122875000
2.129000000
2.135125000
2.141312500
2.147500000
2.153687500
2.159875000
2.166000000
2.172187500
2.178187500
2.184375000
2.190687500
2.197187500
2.203500000
2.209375000
2.215375000
2.221937500
2.346687500
2.352187500
2.359250000
2.365625000
2.372375000
2.379125000
2.386062500
2.392875000
2.399750000
2.406562500
2.413375000
2.420250000
2.427250000
2.433937500
2.441062500
2.447812500
2.453750000
2.465000000
