0.222300
0.227050
0.232175
0.237363
0.242487
0.247675
0.252925
0.258050
0.263300
0.268550
0.273800
0.279175
0.284613
0.348488
0.353425
0.358363
0.363300
0.368238
0.373238
0.378300
0.383362
0.388488
0.393613
0.398738
0.403925
0.409113
0.414238
0.419488
0.424925
0.430800
0.592363
0.595988
0.600738
0.605425
0.610113
0.614800
0.619550
0.624238
0.628988
0.633738
0.638487
0.643300
0.648112
0.652863
0.657675
0.662550
0.667362
0.672238
0.677113
0.681987
0.686863
0.691800
0.696612
0.701488
0.706363
0.711237
0.716113
0.720988
0.725925
0.730800
0.735675
0.740550
0.745363
0.750238
0.755113
0.759988
0.764800
0.769675
0.774488
0.779363
0.784175
0.789050
0.793863
0.798737
0.803550
0.808425
0.813238
0.818050
0.822925
0.827800
0.832800
0.837863
0.842988
0.848113
0.853300
0.858675
0.864050
0.869487
0.874925
0.880487
0.885925
0.891550
0.896988
0.902550
0.908050
0.913425
0.918863
0.924238
0.929613
0.935050
0.940488
0.945863
0.951300
0.956738
0.962300
0.967988
0.973925
0.979925
0.986050
0.992237
0.998425
1.004550
1.010550
1.016425
1.022238
1.027863
1.033425
1.038925
1.044425
1.049988
1.055550
1.061175
1.066800
1.072425
1.078113
1.083800
1.089487
1.095175
1.100863
1.106550
1.112238
1.117987
1.123738
1.129550
1.135425
1.141363
1.147550
1.153863
1.160363
1.166862
1.173363
1.179738
1.185863
1.191925
1.197800
1.203675
1.209613
1.215550
1.221488
1.227550
1.233613
1.239675
1.245737
1.251800
1.257863
1.263925
1.269988
1.275988
1.281863
1.287738
1.293738
1.300113
1.460487
1.466050
1.471550
1.477050
1.482550
1.488050
1.493488
1.498987
1.504550
1.510113
1.515675
1.521175
1.526800
1.532363
1.537925
1.543550
1.549113
1.554925
1.560675
1.566425
1.572488
1.579363
1.706675
1.711363
1.716738
1.722175
1.727613
1.733175
1.738738
1.744363
1.750113
1.755800
1.761488
1.767300
1.772987
1.778800
1.784550
1.790300
1.796113
1.801925
1.807800
1.813675
1.819613
1.825487
1.831363
1.837238
1.843112
1.848988
1.854863
1.860737
1.866613
1.872550
1.878425
1.884300
1.890175
1.895987
1.901863
1.907800
1.913612
1.919550
1.925488
1.931425
1.937300
1.943300
1.949238
1.955175
1.961113
1.967050
1.972925
1.978800
1.984738
1.990675
1.996550
2.002488
2.008425
2.014362
2.020300
2.026300
2.032237
2.038175
2.044175
2.050113
2.056113
2.062113
2.068175
2.074238
2.080300
2.086425
2.092487
2.098550
2.104613
2.110613
2.116675
2.122675
2.128738
2.134800
2.140862
2.146925
2.152988
2.158987
2.164988
2.171050
2.176988
2.182987
2.188988
2.195050
2.201050
2.207175
2.213238
2.219362
2.225425
2.231613
2.237800
2.243987
2.250300
2.256613
2.262925
2.269175
2.275488
2.281738
2.288175
2.294800
2.411738
2.416925
2.423363
2.429675
2.435988
2.442425
2.448738
2.455175
2.461675
2.468237
2.474863
2.481800
2.488925
2.495988
2.502800
2.509362
2.515988
2.522800
2.529550
2.536300
2.543238
2.550050
2.556862
2.563613
2.570175
2.576800
2.583238
2.589738
2.595988
2.602113
2.608175
2.614238
2.620300
2.626362
2.632487
2.638612
2.644988
2.651362
2.658050
2.665175
2.673862
2.685862
2.696675
2.708675
2.714738
2.722675
2.727925
2.735238
2.740550
2.746987
2.753112
2.759425
2.765738
2.772113
2.778363
2.784737
2.791175
2.797675
2.804175
2.810800
2.817363
2.823925
2.830425
2.836988
2.843612
2.850175
2.856675
2.863300
2.869925
2.876488
2.883175
2.889737
2.896363
2.902800
2.909362
2.915925
2.922613
2.929050
2.935613
2.942050
2.948425
2.954862
2.961238
2.967613
2.974050
2.980363
2.986550
2.992738
2.998613
