0.2285625
0.234375
0.23925
0.2444375
0.249625
0.254875
0.260125
0.2653125
0.2705625
0.2756875
0.2808125
0.2860625
0.2911875
0.2963125
0.3015
0.306625
0.3119375
0.3171875
0.3224375
0.32775
0.333
0.33825
0.3435625
0.348875
0.3540625
0.3593125
0.3645
0.3696875
0.374875
0.38
0.385125
0.39025
0.395375
0.4004375
0.4055
0.4105625
0.4155625
0.420625
0.425625
0.4306875
0.4358125
0.4409375
0.446125
0.451375
0.456625
0.4619375
0.4673125
0.4726875
0.4780625
0.483375
0.4885625
0.493625
0.4985625
0.503375
0.5080625
0.5128125
0.5175
0.5221875
0.5269375
0.5316875
0.5364375
0.5411875
0.5459375
0.55075
0.5555
0.5603125
0.5650625
0.569875
0.5746875
0.5795625
0.5844375
0.589375
0.5945
0.5998125
0.7635
0.7685
0.7735625
0.77875
0.7839375
0.7891875
0.7945
0.7998125
0.8050625
0.810375
0.8156875
0.8210625
0.8264375
0.8318125
0.8371875
0.8425625
0.8479375
0.853375
0.85875
0.864125
0.8695625
0.8749375
0.8803125
0.8856875
0.891125
0.8965
0.901875
0.90725
0.912625
0.9179375
0.9233125
0.928625
0.9338125
0.9391875
0.9445625
0.949875
0.9553125
0.960875
0.9665
1.0710625
1.07625
1.0815625
1.086875
1.0923125
1.09775
1.1031875
1.1086875
1.114375
1.1203125
1.12625
1.132375
1.1386875
1.1450625
1.151625
1.1584375
1.1656875
1.171875
1.178375
1.19
1.194875
1.2003125
1.2058125
1.2113125
1.216875
1.2225
1.22825
1.233875
1.239625
1.245375
1.25125
1.257
1.26275
1.2684375
1.2741875
1.28
1.28575
1.2916875
1.2978125
1.304125
1.4631875
1.4680625
1.4733125
1.4786875
1.484125
1.4896875
1.4951875
1.50075
1.506375
1.5119375
1.5175625
1.5231875
1.52875
1.534375
1.540125
1.5461875
1.7253125
1.73025
1.735625
1.741
1.7465625
1.752375
1.757875
1.7635
1.7694375
1.7749375
1.780625
1.786375
1.79225
1.7979375
1.803625
1.809375
1.8150625
1.8208125
1.8265625
1.8323125
1.838
1.84375
1.8494375
1.855125
1.8610625
1.8670625
1.8731875
1.879375
1.8856875
1.892125
1.8983125
1.904625
1.9105
1.9165
1.9224375
1.928375
1.9343125
1.94025
1.94625
1.952125
1.9580625
1.9639375
1.9696875
1.975375
1.9810625
1.986625
1.992375
1.9979375
2.003625
2.0093125
2.0151875
2.021625
2.1114375
2.1168125
2.1223125
2.1279375
2.1335625
2.13925
2.1449375
2.1506875
2.1565
2.162125
2.167875
2.173625
2.179375
2.1853125
2.191
2.196875
2.202625
2.2084375
2.214375
2.220375
2.226375
2.2325
2.23875
2.302375
2.308125
2.314125
2.320125
2.326
2.332125
2.33825
2.344125
2.3505
2.3565
2.362875
2.368875
2.37525
2.381375
2.387625
2.393875
2.400125
2.40625
2.4125
2.418875
2.425125
2.431625
2.43775
2.44425