0.223750000	
0.228250000	
0.233937500	
0.239562500	
0.244812500	
0.250500000	
0.256000000	
0.261687500	
0.267062500	
0.272812500	
0.278312500	
0.283937500	
0.289500000	
0.295187500	
0.300875000	
0.306375000	
0.312250000	
0.317937500	
0.323812500	
0.330125000	
0.337562500	
0.346562500	
0.509062500	
0.514437500	
0.519562500	
0.525000000	
0.530062500	
0.535375000	
0.540625000	
0.546125000	
0.551312500	
0.556562500	
0.562062500	
0.567437500	
0.572750000	
0.578187500	
0.583500000	
0.588812500	
0.594312500	
0.599687500	
0.605062500	
0.610187500	
0.615687500	
0.620875000	
0.626437500	
0.631750000	
0.637000000	
0.642250000	
0.647687500	
0.653125000	
0.658375000	
0.663750000	
0.669062500	
0.674375000	
0.679937500	
0.685125000	
0.690687500	
0.696250000	
0.701875000	
0.707687500	
0.713937500	
0.720062500	
0.725750000	
0.731312500	
0.736500000	
0.742000000	
0.747375000	
0.752812500	
0.758187500	
0.763687500	
0.769187500	
0.775000000	
0.780750000	
0.892062500	
0.896875000	
0.902187500	
0.907750000	
0.913375000	
0.918875000	
0.924437500	
0.929875000	
0.935437500	
0.941187500	
0.946750000	
0.952562500	
0.958125000	
0.963812500	
0.969687500	
0.975312500	
0.980937500	
0.986625000	
0.992375000	
0.998250000	
1.004187500	
1.009875000	
1.015750000	
1.021562500	
1.027312500	
1.033187500	
1.039187500	
1.045000000	
1.050750000	
1.056500000	
1.062500000	
1.068250000	
1.074187500	
1.079937500	
1.085937500	
1.091937500	
1.097875000	
1.103875000	
1.109812500	
1.115875000	
1.122062500	
1.128187500	
1.134312500	
1.140312500	
1.146500000	
1.152687500	
1.158875000	
1.164875000	
1.170937500	
1.177187500	
1.183312500	
1.189312500	
1.195437500	
1.201625000	
1.207875000	
1.214000000	
1.220250000	
1.226500000	
1.232875000	
1.239375000	
1.246312500	
1.253812500	
1.261937500	
1.266500000	
1.289937500	
1.297187500	
1.304625000	
1.310625000	
1.321375000	
1.326437500	
1.334125000	
1.340250000	
1.347062500	
1.353625000	
1.360000000	
1.366312500	
1.372437500	
1.378750000	
1.384937500	
1.391062500	
1.397437500	
1.403562500	
1.409750000	
1.416000000	
1.422125000	
1.428437500	
1.434562500	
1.440875000	
1.446812500	
1.453250000	
1.459437500	
1.465687500	
1.472062500	
1.478500000	
1.485062500	
1.492125000	
1.499375000	
1.506687500	
1.559437500	
1.565687500	
1.571875000	
1.577875000	
1.584250000	
1.590500000	
1.597062500	
1.603187500	
1.609437500	
1.615687500	
1.621937500	
1.628125000	
1.634437500	
1.640750000	
1.647000000	
1.653437500	
1.659437500	
1.665937500	
1.672187500	
1.678562500	
1.684937500	
1.691375000	
1.845687500	
1.851562500	
1.857375000	
1.863375000	
1.869500000	
1.875687500	
1.881875000	
1.888187500	
1.894312500	
1.900562500	
1.906937500	
1.913187500	
1.919562500	
1.925937500	
1.932312500	
1.938750000	
1.945187500	
1.951687500	
1.958187500	
1.964750000	
1.971500000	
1.978062500	
1.984562500	
1.991062500	
1.997562500	
2.004250000	
2.010562500	
2.017312500	
2.023875000	
2.030375000	
2.037125000	
2.043562500	
2.050250000	
2.056875000	
2.063562500	
2.070437500	
2.077500000	
