0.232375000	
0.235937500	
0.240812500	
0.245625000	
0.250562500	
0.255562500	
0.260437500	
0.265625000	
0.270750000	
0.275750000	
0.280812500	
0.286062500	
0.291000000	
0.296187500	
0.301312500	
0.306437500	
0.311625000	
0.316812500	
0.322062500	
0.327000000	
0.332250000	
0.337562500	
0.342750000	
0.347812500	
0.353000000	
0.358125000	
0.363250000	
0.368562500	
0.373812500	
0.379125000	
0.384937500	
0.462625000	
0.467125000	
0.471937500	
0.476750000	
0.481500000	
0.486562500	
0.491312500	
0.496312500	
0.501437500	
0.506312500	
0.511312500	
0.516375000	
0.521437500	
0.526375000	
0.531312500	
0.536500000	
0.541500000	
0.546437500	
0.551500000	
0.556500000	
0.561437500	
0.566500000	
0.571437500	
0.576500000	
0.581375000	
0.586375000	
0.591312500	
0.596312500	
0.601312500	
0.606312500	
0.611062500	
0.616125000	
0.621000000	
0.625937500	
0.630875000	
0.635875000	
0.640937500	
0.646062500	
0.651562500	
0.768437500	
0.773000000	
0.777687500	
0.782750000	
0.787750000	
0.792812500	
0.797875000	
0.803000000	
0.808250000	
0.813437500	
0.818687500	
0.823937500	
0.829437500	
0.834937500	
0.840187500	
0.845687500	
0.851312500	
0.857187500	
0.863375000	
0.869750000	
0.928687500	
0.933500000	
0.938875000	
0.944375000	
0.949937500	
0.955500000	
0.960875000	
0.966375000	
0.972125000	
0.977562500	
0.983000000	
0.988625000	
0.994062500	
0.999812500	
1.005375000	
1.010937500	
1.016562500	
1.022187500	
1.027875000	
1.033500000	
1.039187500	
1.044937500	
1.050562500	
1.056187500	
1.062000000	
1.067750000	
1.073250000	
1.079062500	
1.084875000	
1.090500000	
1.096250000	
1.101875000	
1.107562500	
1.113437500	
1.119062500	
1.124812500	
1.130437500	
1.136312500	
1.142062500	
1.147812500	
1.153250000	
1.159062500	
1.164875000	
1.170750000	
1.176500000	
1.182437500	
1.188250000	
1.194062500	
1.200000000	
1.206125000	
1.212312500	
1.218687500	
1.225437500	
1.320312500	
1.326687500	
1.332687500	
1.339125000	
1.345250000	
1.351625000	
1.357625000	
1.364000000	
1.370125000	
1.376500000	
1.382687500	
1.389062500	
1.395375000	
1.402125000	
1.522687500	
1.528062500	
1.533937500	
1.539812500	
1.545687500	
1.551687500	
1.557687500	
1.563687500	
1.569812500	
1.575687500	
1.581875000	
1.588062500	
1.594187500	
1.600250000	
1.606375000	
1.612562500	
1.618687500	
1.624812500	
1.631062500	
1.637125000	
1.643187500	
1.649250000	
1.655375000	
1.661437500	
1.667375000	
1.673437500	
1.680000000	
1.686250000	
1.692562500	
1.699250000	
1.706062500	
1.712750000	
1.719187500	
1.725062500	
1.731125000	
1.737125000	
1.742937500	
1.748875000	
1.754937500	
1.761062500	
1.766812500	
1.772875000	
1.778875000	
1.784625000	
1.790750000	
1.796750000	
1.802937500	
1.809125000	
1.946500000	
1.952875000	
1.959000000	
1.965062500	
1.971125000	
1.977000000	
1.982875000	
1.988687500	
1.994687500	
2.000687500	
2.006562500	
2.012500000	
2.018500000	
2.024500000	
2.030625000	
2.036500000	
2.042562500	
2.048687500	
2.054562500	
2.060687500	
2.066875000	
2.073187500	
2.079812500	
2.086437500	
2.093125000	
2.099937500	
2.106750000	
2.113437500	
2.119812500	
2.126125000	
2.132625000	
2.138875000	
2.145250000	
2.151500000	
2.157750000	
2.164187500	
2.170562500	
2.176937500	
2.183437500	
2.189937500	
2.196312500	
2.202812500	
2.209437500	
2.215875000	
2.222437500	
2.228937500	
2.235562500	
2.241937500	
2.248625000	
2.255187500	
2.261687500	
2.268375000	
2.274687500	
2.281250000	
2.287625000	
2.294250000	
2.300562500	
2.307437500	
2.313812500	
2.320250000	
2.326812500	
2.333250000	
2.339875000	
2.346500000	
2.360562500	
