0.228187500
0.233187500
0.238437500
0.243500000
0.248500000
0.253437500
0.258375000
0.263125000
0.267875000
0.272625000
0.277500000
0.282312500
0.287125000
0.292000000
0.296937500
0.301812500
0.306625000
0.311500000
0.316312500
0.321062500
0.325875000
0.330625000
0.335375000
0.340062500
0.344812500
0.349500000
0.354312500
0.359187500
0.364125000
0.369187500
0.374562500
0.450562500
0.455687500
0.460437500
0.465000000
0.469625000
0.474250000
0.478812500
0.483375000
0.487937500
0.492500000
0.497125000
0.501687500
0.506312500
0.510812500
0.515437500
0.520125000
0.524875000
0.529437500
0.534250000
0.538812500
0.543625000
0.548375000
0.553375000
0.558437500
0.563625000
0.568875000
0.574125000
0.579437500
0.584750000
0.590125000
0.595437500
0.600687500
0.605937500
0.611187500
0.616437500
0.621625000
0.626812500
0.631937500
0.637000000
0.641937500
0.646812500
0.651750000
0.656562500
0.661375000
0.666312500
0.671062500
0.675875000
0.680625000
0.685500000
0.690437500
0.695312500
0.700312500
0.705250000
0.710312500
0.715187500
0.720062500
0.725125000
0.729937500
0.735000000
0.740000000
0.745000000
0.750062500
0.755125000
0.760250000
0.765312500
0.770500000
0.775687500
0.780875000
0.786000000
0.791312500
0.796500000
0.801750000
0.807000000
0.812250000
0.817562500
0.822750000
0.827937500
0.833125000
0.838312500
0.843437500
0.848562500
0.853625000
0.858750000
0.863875000
0.869000000
0.874437500
0.880125000
0.885812500
0.891562500
0.897375000
0.903187500
0.909000000
0.914812500
0.920687500
0.926625000
0.985562500
0.990062500
0.995312500
1.000562500
1.006000000
1.011500000
1.017062500
1.022625000
1.028250000
1.033750000
1.039437500
1.045000000
1.050750000
1.056250000
1.061875000
1.067625000
1.185375000
1.190625000
1.196000000
1.201562500
1.207125000
1.212750000
1.218500000
1.224562500
1.230812500
1.237062500
1.243312500
1.284375000
1.289687500
1.295437500
1.301062500
1.306687500
1.312437500
1.318125000
1.323812500
1.329500000
1.335187500
1.340812500
1.346500000
1.352125000
1.357687500
1.363312500
1.368937500
1.374562500
1.380187500
1.385750000
1.391375000
1.396937500
1.402500000
1.408125000
1.413687500
1.419312500
1.425000000
1.430937500
1.436937500
1.442687500
1.448500000
1.454250000
1.460000000
1.465687500
1.471375000
1.477062500
1.482687500
1.488250000
1.493875000
1.499375000
1.504937500
1.510500000
1.516062500
1.521562500
1.527125000
1.532687500
1.538312500
1.544062500
1.550062500
1.556062500
1.562062500
1.567875000
1.573562500
1.579062500
1.584562500
1.589937500
1.595437500
1.600812500
1.606312500
1.611750000
1.617187500
1.622625000
1.628062500
1.633562500
1.639125000
1.644687500
1.650187500
1.763937500
1.768750000
1.774000000
1.779437500
1.784937500
1.790437500
1.795937500
1.801500000
1.807000000
1.812562500
1.818062500
1.823625000
1.829187500
1.834750000
1.840375000
1.845937500
1.851625000
1.857250000
1.862937500
1.868500000
1.874250000
1.998562500
2.003937500
2.009250000
2.014750000
2.020187500
2.025750000
2.031250000
2.036812500
2.042375000
2.047875000
2.053437500
2.059000000
2.064562500
2.070187500
2.075687500
2.081312500
2.086937500
2.092562500
2.098187500
2.103812500
2.109375000
2.115062500
2.250250000
2.255187500
2.260875000
2.266562500
2.272437500
2.278437500
2.284562500
2.290750000
2.296875000
2.303125000
2.309375000
2.315625000
2.321812500
2.327812500
2.333812500
2.339687500
2.344250000
2.351687500
2.357625000
2.363625000
2.369750000
2.375750000
2.381812500
