0.254050
0.258488
0.262863
0.267863
0.272550
0.277300
0.282113
0.286925
0.291738
0.296613
0.301488
0.306425
0.311300
0.316238
0.321425
0.326363
0.331300
0.336238
0.340988
0.345925
0.350863
0.355800
0.360800
0.366050
0.370863
0.375863
0.380925
0.385988
0.391050
0.396113
0.401175
0.406488
0.411300
0.416425
0.421613
0.426925
0.432425
0.437988
0.443613
0.449300
0.455113
0.460550
0.471113
0.481738
0.488425
0.493363
0.499238
0.504550
0.509925
0.515175
0.520425
0.525675
0.530925
0.536175
0.541300
0.546550
0.551737
0.556925
0.562550
0.567675
0.572863
0.577987
0.583113
0.588237
0.593175
0.598363
0.603237
0.608175
0.613113
0.617988
0.622862
0.627738
0.632550
0.637300
0.642050
0.646675
0.651300
0.655863
0.660363
0.664863
0.669300
0.673737
0.686863
0.699863
0.708425
0.716988
0.725550
0.733988
0.742425
0.750738
0.759050
0.767487
0.775988
0.784613
0.793425
0.853738
0.862237
0.866675
0.871363
0.876113
0.880925
0.885738
0.890613
0.895425
0.900300
0.905175
0.909988
0.914800
0.919613
0.924425
0.929238
0.934050
0.938863
0.943613
0.948425
0.953238
0.958050
0.962800
0.967612
0.972488
0.977363
0.982237
0.987175
0.992175
0.997050
1.006613
1.015738
1.020863
1.025675
1.258175
1.262863
1.267613
1.272425
1.277175
1.281988
1.286800
1.291675
1.296550
1.301425
1.306363
1.311300
1.316300
1.321238
1.326300
1.331363
1.336425
1.341675
1.346737
1.351863
1.356863
1.362113
1.367238
1.372238
1.377363
1.382738
1.387925
1.392988
1.398238
1.403550
1.408988
1.414738
1.420550
1.426363
1.432238
1.438050
1.443738
1.449300
1.454738
1.460112
1.465488
1.470800
1.476238
1.481737
1.487425
1.492675
1.498113
1.503925
1.509175
1.514738
1.520300
1.525863
1.531425
1.536988
1.542550
1.548175
1.553738
1.559363
1.565050
1.570675
1.576300
1.581988
1.587613
1.593238
1.598800
1.604300
1.609800
1.615363
1.744613
1.749800
1.755362
1.761362
1.767675
1.898488
1.902925
1.907550
1.912613
1.917800
1.923050
1.928363
1.933738
1.939113
1.944487
1.949800
1.955238
1.960550
1.965925
1.971300
1.976613
1.981988
1.987425
1.993050
1.998863
2.004738
2.010800
2.016675
2.022488
2.028113
2.033738
2.039238
2.044675
2.049987
2.055363
2.060738
2.066050
2.071363
2.076550
2.081863
2.087112
2.092425
2.097675
2.102925
2.108363
2.213363
2.217862
2.223050
2.228112
2.233300
2.238488
2.243737
2.248925
2.254175
2.259488
2.264800
2.270237
2.275800
2.281425
2.287175
2.292863
2.298675
2.304300
2.309925
2.390363
2.394925
2.399987
2.405050
2.410300
2.415800
2.421613
2.427363
2.433613
2.513425
2.518737
2.523925
2.529237
2.534550
2.539925
2.545363
2.550737
2.556237
2.561675
2.567175
2.572613
2.578113
2.583675
2.589175
2.594800
2.600425
2.606050
2.611675
2.617363
2.623113
2.628862
2.634612
2.640425
2.646175
2.651988
2.657800
2.663613
2.669425
2.675300
2.681113
2.686987
2.692800
2.698612
2.704487
2.710363
2.716238
2.722050
2.727800
2.733550
2.739175
2.744925
2.750863
