0.222562500
0.226687500
0.231750000
0.236250000
0.240937500
0.245625000
0.250375000
0.255000000
0.259812500
0.264562500
0.269437500
0.274687500
0.280437500
0.370125000
0.374062500
0.378437500
0.383000000
0.387437500
0.391937500
0.396375000
0.400812500
0.405750000
0.411250000
0.580250000
0.584375000
0.589625000
0.594937500
0.600000000
0.605187500
0.610625000
0.615937500
0.621250000
0.626562500
0.631937500
0.637250000
0.642625000
0.648000000
0.653312500
0.658687500
0.663937500
0.669312500
0.674625000
0.680000000
0.685312500
0.690687500
0.696062500
0.701437500
0.706875000
0.712250000
0.717625000
0.722812500
0.728250000
0.733625000
0.739000000
0.744250000
0.749687500
0.755062500
0.760437500
0.765875000
0.771312500
0.776875000
0.782187500
0.787750000
0.793250000
0.798750000
0.804375000
0.809937500
0.815562500
0.821250000
0.826875000
0.832812500
0.838562500
0.844437500
0.850312500
0.856187500
0.862125000
0.868062500
0.874125000
0.880125000
0.886000000
0.892000000
0.898062500
0.904187500
0.910312500
0.916500000
0.922687500
0.928812500
0.935062500
0.941250000
0.947437500
0.953562500
0.959812500
0.966125000
0.972312500
0.978562500
0.984750000
0.990875000
0.997000000
1.003062500
1.009125000
1.015125000
1.021250000
1.027312500
1.033375000
1.039437500
1.045437500
1.051437500
1.057187500
1.063312500
1.069187500
1.075312500
1.289187500
1.294687500
1.300250000
1.306000000
1.311750000
1.317812500
1.323625000
1.329562500
1.335437500
1.341312500
1.347250000
1.353187500
1.359125000
1.365125000
1.371125000
1.377187500
1.383187500
1.389250000
1.395312500
1.401375000
1.407500000
1.413562500
1.419687500
1.425812500
1.431937500
1.438062500
1.444187500
1.450312500
1.456437500
1.462625000
1.468812500
1.475000000
1.481187500
1.487375000
1.493625000
1.499937500
1.506312500
1.512687500
1.519312500
1.526187500
1.533312500
1.540625000
1.547937500
1.555125000
1.561937500
1.568937500
1.575625000
1.582062500
1.588500000
1.594812500
1.601062500
1.607375000
1.613687500
1.620000000
1.626312500
1.632687500
1.639062500
1.645437500
1.651875000
1.658312500
1.664750000
1.671187500
1.677687500
1.684187500
1.690687500
1.697062500
1.703562500
1.710000000
1.716375000
1.722875000
1.729437500
1.736000000
1.742562500
1.749125000
1.755750000
1.762375000
1.768937500
1.775562500
1.782187500
1.788812500
1.795437500
1.802062500
1.808625000
1.815250000
1.821875000
1.828500000
1.835125000
1.841875000
1.848437500
1.855125000
1.861812500
1.868625000
1.875375000
1.882062500
1.888812500
1.895437500
1.902187500
1.908937500
1.915562500
1.922312500
1.929062500
1.935812500
1.942500000
1.949187500
1.955875000
1.962687500
1.969500000
1.976125000
1.982812500
1.989625000
1.996500000
2.003187500
2.010062500
2.016875000
2.023750000
2.030625000
2.037500000
2.044437500
2.051187500
2.057937500
2.064625000
2.071312500
2.078125000
2.084937500
2.091625000
2.098312500
2.104937500
2.111250000
2.117750000
2.124437500
2.130687500
2.137250000
2.144250000
