0.239687500	
0.244250000	
0.249812500	
0.255000000	
0.260000000	
0.265062500	
0.270000000	
0.275125000	
0.280250000	
0.285437500	
0.290375000	
0.295437500	
0.300625000	
0.305812500	
0.311187500	
0.316625000	
0.322250000	
0.328062500	
0.333937500	
0.340062500	
0.346125000	
0.352687500	
0.451875000	
0.455812500	
0.461187500	
0.466250000	
0.471437500	
0.476875000	
0.482000000	
0.487312500	
0.492750000	
0.498000000	
0.503375000	
0.508750000	
0.514000000	
0.519437500	
0.524875000	
0.530187500	
0.535687500	
0.541000000	
0.546250000	
0.551687500	
0.557000000	
0.562312500	
0.567625000	
0.572812500	
0.578000000	
0.583250000	
0.588375000	
0.593625000	
0.598750000	
0.603875000	
0.608937500	
0.614125000	
0.619250000	
0.624250000	
0.629437500	
0.634437500	
0.639500000	
0.644437500	
0.649562500	
0.654500000	
0.659500000	
0.664375000	
0.669375000	
0.674250000	
0.679250000	
0.684062500	
0.688875000	
0.693812500	
0.698625000	
0.703437500	
0.708312500	
0.713125000	
0.718062500	
0.722875000	
0.727687500	
0.732562500	
0.737312500	
0.742250000	
0.747062500	
0.752125000	
0.757000000	
0.762000000	
0.767000000	
0.772125000	
0.777125000	
0.782125000	
0.787312500	
0.792500000	
0.797687500	
0.802937500	
0.808062500	
0.813437500	
0.818625000	
0.823875000	
0.829062500	
0.834437500	
0.839812500	
0.845125000	
0.850437500	
0.855750000	
0.861125000	
0.866625000	
0.872312500	
0.878437500	
1.050250000	
1.055000000	
1.060125000	
1.065500000	
1.070687500	
1.076062500	
1.081500000	
1.086875000	
1.092500000	
1.098062500	
1.103812500	
1.110125000	
1.216062500	
1.220375000	
1.225187500	
1.230375000	
1.235437500	
1.240562500	
1.245687500	
1.250750000	
1.256000000	
1.261125000	
1.266250000	
1.271250000	
1.276500000	
1.281562500	
1.286625000	
1.291750000	
1.296812500	
1.301937500	
1.307125000	
1.312250000	
1.317375000	
1.322500000	
1.327687500	
1.332875000	
1.338000000	
1.343000000	
1.348187500	
1.353312500	
1.358375000	
1.363625000	
1.368750000	
1.374000000	
1.379187500	
1.384437500	
1.389562500	
1.394750000	
1.400000000	
1.405250000	
1.410375000	
1.415625000	
1.420937500	
1.426250000	
1.431375000	
1.436750000	
1.442062500	
1.447500000	
1.452687500	
1.458187500	
1.463500000	
1.468812500	
1.474375000	
1.479875000	
1.485250000	
1.490812500	
1.496312500	
1.501812500	
1.507312500	
1.512625000	
1.518000000	
1.523250000	
1.528687500	
1.533937500	
1.539375000	
1.544875000	
1.550500000	
1.556500000	
1.561375000	
1.656375000	
1.662125000	
1.667437500	
1.708625000	
1.713375000	
1.718875000	
1.724250000	
1.729812500	
1.735250000	
1.740687500	
1.746187500	
1.751812500	
1.757312500	
1.762937500	
1.768562500	
1.774250000	
1.780062500	
1.785687500	
1.791437500	
1.797062500	
1.802937500	
1.808687500	
1.814437500	
1.820250000	
1.826062500	
1.831875000	
1.837750000	
1.843625000	
1.849437500	
1.855312500	
1.861125000	
1.867062500	
1.872750000	
1.878750000	
1.884562500	
1.890375000	
1.896250000	
1.902000000	
1.907937500	
1.913875000	
1.919625000	
1.925562500	
1.931312500	
1.937250000	
1.943062500	
1.949062500	
1.954937500	
1.960875000	
1.966875000	
1.972750000	
1.978812500	
1.984875000	
1.990812500	
1.996875000	
2.002937500	
2.009062500	
2.015062500	
2.021250000	
2.027250000	
2.033187500	
2.039312500	
2.045312500	
2.051312500	
2.057312500	
2.063187500	
2.069187500	
2.075000000	
2.080937500	
2.086875000	
2.092937500	
2.099125000	
