0.234550
0.238800
0.243862
0.248675
0.253550
0.258362
0.263113
0.267925
0.272675
0.277425
0.282113
0.286863
0.291613
0.296425
0.301300
0.306238
0.311363
0.316738
0.322363
0.328175
0.334550
0.373550
0.377675
0.382550
0.387488
0.392488
0.397613
0.402738
0.407863
0.413113
0.418363
0.423613
0.428988
0.434300
0.439675
0.444988
0.450425
0.455863
0.461300
0.466738
0.472238
0.477863
0.483550
0.489363
0.495238
0.501675
0.507738
0.525675
0.530613
0.701113
0.705675
0.710550
0.715425
0.720363
0.725237
0.730113
0.734988
0.739800
0.744675
0.749487
0.754300
0.759112
0.763925
0.768738
0.773550
0.778363
0.783175
0.787988
0.792800
0.797613
0.802488
0.807300
0.812175
0.816987
0.821863
0.826738
0.831612
0.836612
0.841612
0.846738
0.851988
0.857300
0.862675
0.868113
0.873675
0.879238
0.884863
0.890487
0.895988
0.901363
0.906550
0.911550
0.916425
0.921362
0.926425
0.931488
0.936613
0.941800
0.946987
0.952175
0.957425
0.962675
0.967863
0.973113
0.978363
0.983488
0.988613
0.993738
0.999050
1.159425
1.163988
1.168738
1.173550
1.178425
1.183425
1.188487
1.193738
1.199050
1.204425
1.209925
1.215425
1.220925
1.226363
1.231737
1.236925
1.242050
1.246987
1.251925
1.256800
1.261675
1.266550
1.271425
1.276363
1.281238
1.286175
1.291113
1.296050
1.300988
1.305925
1.310863
1.315800
1.320738
1.325613
1.330613
1.335675
1.340800
1.346050
1.351425
1.356925
1.362425
1.367987
1.373050
1.377987
1.382925
1.387863
1.392800
1.397612
1.402425
1.407175
1.411925
1.416738
1.421488
1.426238
1.431050
1.435800
1.440550
1.445300
1.450050
1.454862
1.459613
1.464363
1.469113
1.473988
1.478863
1.483863
1.489050
1.494425
1.631425
1.636550
1.642050
1.647550
1.653175
1.658800
1.664488
1.670175
1.675863
1.681613
1.687425
1.693238
1.699113
1.704925
1.710800
1.716675
1.722487
1.728363
1.734300
1.740175
1.746050
1.751925
1.757863
1.763738
1.769675
1.775550
1.781488
1.787363
1.793238
1.799363
1.986425
2.104800
2.109738
2.116300
2.121050
2.126925
2.132613
2.138362
2.144112
2.149863
2.155613
2.161425
2.167175
2.172925
2.178675
2.184425
2.190175
2.195925
2.201800
2.207675
2.213613
2.219675
2.225862
2.232112
2.238612
2.245300
2.252175
2.257862
2.263738
2.269613
2.275363
2.281112
2.286863
2.292488
2.298175
2.303987
2.310113
2.316925
2.405238
2.409988
2.415113
2.420612
2.426238
2.431925
2.437613
2.443425
2.449238
2.455112
2.461050
2.466925
2.472863
2.478737
2.484675
2.490550
2.496425
2.502300
2.508237
2.514238
2.520113
2.525987
2.531862
2.537800
2.543675
2.549675
2.555738
2.561863
2.568175
2.677925
2.683113
2.688862
2.694612
2.700363
2.706113
2.711863
2.717675
2.723488
2.729363
2.735238
2.741112
2.747050
2.753112
2.759550
2.880675
2.885488
2.891612
2.897613
2.903738
2.909863
2.916050
2.922300
2.928550
2.934738
2.941050
2.947238
2.953488
2.959613
2.965863
2.972113
2.978425
2.984863
2.991675
2.998425
3.005425
3.012113
3.018613
3.025113
3.031487
3.037863
3.044175
3.050488
3.056925
3.063300
3.069612
3.075862
3.082113
3.088425
3.094737
3.101050
3.107362
3.113612
3.119863
3.126050
3.132363
3.138800
3.145425
