0.221562500	
0.225375000	
0.230625000	
0.235750000	
0.240750000	
0.245875000	
0.251000000	
0.256125000	
0.261500000	
0.266375000	
0.271625000	
0.276625000	
0.281875000	
0.286875000	
0.292000000	
0.297000000	
0.302250000	
0.307375000	
0.312500000	
0.317750000	
0.322875000	
0.328250000	
0.333250000	
0.338500000	
0.343625000	
0.348750000	
0.353875000	
0.359125000	
0.364250000	
0.369375000	
0.374500000	
0.379625000	
0.384625000	
0.389750000	
0.394750000	
0.400000000	
0.405000000	
0.410125000	
0.415375000	
0.421000000	
0.549875000	
0.554250000	
0.559125000	
0.563875000	
0.568750000	
0.573625000	
0.578500000	
0.583500000	
0.588500000	
0.593500000	
0.598500000	
0.603500000	
0.608375000	
0.613250000	
0.618125000	
0.623250000	
0.628125000	
0.633125000	
0.638000000	
0.642875000	
0.647750000	
0.652625000	
0.657375000	
0.662250000	
0.667125000	
0.671750000	
0.676750000	
0.681375000	
0.686250000	
0.691000000	
0.695875000	
0.700625000	
0.705500000	
0.710250000	
0.714875000	
0.719625000	
0.724375000	
0.729125000	
0.733875000	
0.738625000	
0.743750000	
0.749000000	
0.942687500	
0.947437500	
0.952312500	
0.957312500	
0.962312500	
0.967375000	
0.972500000	
0.977625000	
0.982812500	
0.987875000	
0.993187500	
0.998312500	
1.003687500	
1.009062500	
1.014500000	
1.019875000	
1.025687500	
1.031187500	
1.036875000	
1.042562500	
1.048312500	
1.054062500	
1.059937500	
1.065687500	
1.071625000	
1.077625000	
1.083687500	
1.089687500	
1.095750000	
1.101875000	
1.108000000	
1.114125000	
1.120312500	
1.126562500	
1.132875000	
1.139250000	
1.145625000	
1.152187500	
1.158750000	
1.165625000	
1.172625000	
1.180250000	
1.188875000	
1.197125000	
1.204125000	
1.211375000	
1.217750000	
1.224625000	
1.230750000	
1.237375000	
1.243375000	
1.249875000	
1.256125000	
1.262375000	
1.268625000	
1.274750000	
1.280875000	
1.286875000	
1.293000000	
1.299000000	
1.305000000	
1.311000000	
1.317000000	
1.323125000	
1.329125000	
1.335250000	
1.341125000	
1.347125000	
1.353375000	
1.359375000	
1.365375000	
1.371250000	
1.377125000	
1.383125000	
1.389000000	
1.395000000	
1.400750000	
1.406750000	
1.413000000	
1.419375000	
1.426125000	
1.469000000	
1.474500000	
1.480625000	
1.486875000	
1.493500000	
1.499875000	
1.506250000	
1.512500000	
1.518625000	
1.524750000	
1.531000000	
1.537125000	
1.543250000	
1.549250000	
1.555125000	
1.561125000	
1.567125000	
1.573250000	
1.579250000	
1.585250000	
1.591625000	
1.597750000	
1.603625000	
1.610000000	
1.616125000	
1.622250000	
1.628500000	
1.634500000	
1.640375000	
1.646500000	
1.652375000	
1.658375000	
1.664250000	
1.670250000	
1.676500000	
1.682750000	
1.689000000	
1.695125000	
1.701125000	
1.707125000	
1.712875000	
1.718375000	
1.723875000	
1.729375000	
1.734625000	
1.739875000	
1.745000000	
1.750125000	
1.755250000	
1.760375000	
1.765500000	
1.770750000	
1.775875000	
1.781000000	
1.786125000	
1.791125000	
1.796375000	
1.801500000	
1.806625000	
1.811750000	
1.816875000	
1.821875000	
1.827125000	
1.832250000	
1.837375000	
1.842500000	
1.847750000	
1.852875000	
1.858000000	
1.863250000	
1.868500000	
1.873750000	
1.878875000	
1.884250000	
1.889875000	
1.895125000	
1.900625000	
1.906062500	
1.911500000	
1.917000000	
1.922500000	
1.927875000	
1.933375000	
1.938875000	
1.944250000	
1.949750000	
1.955125000	
1.960625000	
1.966000000	
1.971250000	
1.976625000	
1.981875000	
1.987125000	
1.992500000	
1.997875000	
2.003500000	
2.087375000	
2.092250000	
2.097875000	
2.103750000	
2.109500000	
2.115500000	
2.121750000	
2.128000000	
2.134500000	
2.141000000	
2.147125000	
2.153625000	
2.160125000	
2.166625000	
2.173000000	
2.179375000	
2.185875000	
2.192250000	
2.198875000	
2.205250000	
2.211625000	
2.218125000	
2.224250000	
2.230625000	
2.237000000	
2.243250000	
2.249625000	
2.256000000	
2.262375000	
2.268750000	
2.275000000	
2.281625000	
2.288250000	
2.293250000	
2.309750000	
2.315000000	
2.421250000	
2.433250000	
2.445125000	
2.451250000	
2.457125000	
2.463250000	
2.469375000	
2.475375000	
2.481375000	
2.487500000	
2.493625000	
2.499875000	
2.506000000	
2.512000000	
2.518250000	
2.524375000	
2.530500000	
2.536750000	
2.543000000	
2.549250000	
2.555625000	
2.561750000	
2.568125000	
2.574500000	
2.580625000	
2.587000000	
2.593500000	
2.599625000	
2.605875000	
2.612250000	
2.618500000	
2.624875000	
2.631125000	
2.637500000	
2.643750000	
2.650125000	
2.656250000	
2.662750000	
2.668875000	
2.675000000	
2.681250000	
2.687500000	
2.693875000	
2.700000000	
2.706250000	
2.712500000	
2.718625000	
2.725000000	
2.731000000	
2.737125000	
2.743375000	
2.749625000	
2.755625000	
2.761875000	
2.767875000	
2.774125000	
2.780125000	
2.786250000	
2.792500000	
2.798750000	
2.805125000	
2.811250000	
2.817500000	
2.823625000	
2.829750000	
2.835875000	
2.842250000	
2.848250000	
2.854375000	
2.860875000	
2.867125000	
2.873125000	
2.879375000	
2.885500000	
2.891500000	
2.897625000	
2.904000000	
2.910000000	
2.916250000	
2.922250000	
2.928500000	
2.934875000	
2.941000000	
2.947125000	
2.953125000	
2.959375000	
2.965500000	
2.971625000	
2.977875000	
2.984000000	
2.990000000	
2.996250000	
3.002250000	
3.008375000	
3.014375000	
3.020625000	
3.026625000	
3.032750000	
3.038750000	
3.044875000	
3.051000000	
3.057125000	
3.063375000	
3.069875000	
3.076500000	
3.083000000	
3.089125000	
3.095000000	
3.103500000	
3.120875000	
3.124625000	
3.155250000	
3.165750000	
3.398375000	
3.404875000	
3.410875000	
3.417375000	
3.423625000	
3.430250000	
3.436750000	
3.443250000	
3.449625000	
3.456125000	
3.462625000	
3.469125000	
3.475750000	
3.482250000	
3.488625000	
3.495250000	
3.501750000	
3.508250000	
3.514750000	
3.521500000	
3.528000000	
3.534875000	
3.541250000	
3.547875000	
3.554125000	
3.560625000	
3.567000000	
3.573250000	
3.579500000	
3.585750000	
3.592250000	
3.599000000	
3.701750000	
3.707375000	
3.714250000	
3.720750000	
3.727500000	
3.734125000	
3.740750000	
3.747250000	
3.754000000	
3.760750000	
3.767250000	
3.774250000	
3.781125000	
3.787625000	
3.794500000	
3.801250000	
3.808125000	
3.815000000	
3.821625000	
3.828625000	
3.835375000	
3.842375000	
3.848750000	
3.855000000	
3.861000000	
3.867250000	
3.873625000	
3.879875000	
