0.248675
0.252613
0.256988
0.261488
0.265988
0.270425
0.274988
0.279425
0.283925
0.288425
0.292925
0.297363
0.301863
0.306300
0.310738
0.315238
0.319675
0.324113
0.328550
0.332988
0.337425
0.341863
0.346238
0.350675
0.355050
0.359425
0.363863
0.368238
0.372675
0.377113
0.381550
0.385925
0.390425
0.394863
0.399363
0.403863
0.408300
0.412800
0.417238
0.421738
0.426175
0.430613
0.435050
0.439425
0.443863
0.448238
0.452675
0.457113
0.461487
0.465863
0.470300
0.474675
0.479113
0.483488
0.487925
0.492363
0.496800
0.501175
0.505613
0.509988
0.514425
0.518863
0.523300
0.527737
0.532175
0.536613
0.541050
0.545488
0.549925
0.554362
0.558863
0.563300
0.567800
0.572300
0.576800
0.581363
0.585925
0.590488
0.595113
0.599675
0.604300
0.608988
0.613613
0.618300
0.623050
0.627800
0.632550
0.637363
0.642175
0.647112
0.651988
0.656925
0.661925
0.667050
0.672175
0.677300
0.682550
0.687800
0.693113
0.698488
0.703800
0.709175
0.714550
0.719925
0.725300
0.730675
0.736050
0.741488
0.746862
0.752238
0.757613
0.762988
0.768363
0.773737
0.779050
0.784488
0.789800
0.795175
0.800613
0.806050
0.811362
0.816800
0.822175
0.827612
0.832987
0.838363
0.843800
0.849237
0.854738
0.860175
0.865613
0.871113
0.876550
0.882050
0.887550
0.893050
0.898613
0.904112
0.909613
0.915113
0.920613
0.926175
0.931675
0.937175
0.942738
0.948238
0.953738
0.959175
0.964550
0.969988
0.975675
1.108550
1.113800
1.119238
1.124737
1.130300
1.135925
1.141550
1.147300
1.153113
1.158800
1.164488
1.170175
1.175863
1.181488
1.187175
1.192800
1.198487
1.204050
1.209675
1.215175
1.220738
1.226238
1.231675
1.237113
1.242550
1.248050
1.253425
1.258800
1.264175
1.269488
1.274738
1.280050
1.285550
1.396300
1.401175
1.406613
1.412050
1.417612
1.423175
1.428862
1.434675
1.441050
1.447238
1.453863
1.460863
1.467175
1.472863
1.478925
1.484800
1.490738
1.496613
1.502550
1.508488
1.514425
1.520488
1.526488
1.532550
1.538612
1.544675
1.550800
1.556925
1.563113
1.569300
1.575487
1.581613
1.587675
1.593800
1.599738
1.605738
1.612175
1.789113
1.794237
1.799738
1.805363
1.811050
1.816925
1.822863
1.828550
1.834363
1.840175
1.845925
1.851738
1.857550
1.863363
1.869238
1.875175
1.881050
1.886988
1.892988
1.898863
1.904800
1.910800
1.916738
1.922738
1.928738
1.934800
1.940738
1.946862
1.952487
1.958487
2.037863
2.043425
2.049237
2.055238
2.061175
2.067112
2.073175
2.079112
2.085175
2.091175
2.097237
2.103300
2.109363
2.115425
2.121550
2.127613
2.133425
2.139425
2.145425
2.151613
2.282987
2.287675
2.293300
2.298862
2.304425
2.309988
2.315612
2.321175
2.326800
2.332425
2.338112
2.343800
2.349488
2.355237
2.360988
2.366738
2.372550
2.378425
2.384238
2.390112
2.395987
2.401863
2.407738
2.413613
2.419488
2.425362
2.431237
2.437113
2.443050
2.448987
2.454862
2.460800
2.466675
2.472612
2.478550
2.484488
2.490613
2.496612
2.502550
2.508550
2.514550
2.520488
2.526425
2.532363
2.538300
2.544237
2.550300
2.556300
2.562300
2.568113
2.573863
2.579613
2.585363
2.591112
2.596862
2.602550
2.608300
2.613987
2.619737
2.625425
2.631113
2.636862
2.642550
2.648300
2.654113
2.659925
2.665862
2.671863
2.677988
2.684238
2.690425
2.696738
2.702863
2.708863
2.714738
2.720675
2.726488
2.732238
2.737925
2.743613
2.749363
2.755175
2.760988
2.766863
2.772737
2.778550
2.784425
2.790363
2.796238
2.802113
2.808113
2.814175
2.820238
2.826425
2.832737
2.839175
2.845737
2.852238
2.858675
2.865113
2.871488
2.877863
2.884175
2.890487
2.896738
2.902988
2.909175
2.915363
2.921613
2.927925
2.934175
2.940488
2.946800
2.953050
2.959363
2.965863
2.972237
2.978737
2.985238
2.991675
2.998050
3.004425
3.010800
3.017175
3.023550
3.029863
3.036363
3.042675
3.049425
