0.225250000
0.229375000
0.234000000
0.238750000
0.243250000
0.248000000
0.252625000
0.257375000
0.262062500
0.266937500
0.271875000
0.277000000
0.282562500
0.398187500
0.402375000
0.407187500
0.411875000
0.416625000
0.421437500
0.426312500
0.431250000
0.436250000
0.441312500
0.446375000
0.451437500
0.456500000
0.461562500
0.466625000
0.471687500
0.476812500
0.481875000
0.487000000
0.492062500
0.497187500
0.502312500
0.507437500
0.512625000
0.517812500
0.523000000
0.528250000
0.533437500
0.538875000
0.544437500
0.550187500
0.556312500
0.563125000
0.572125000
0.585937500
0.600625000
0.609562500
0.616437500
0.622562500
0.628375000
0.633937500
0.639687500
0.645250000
0.650750000
0.656312500
0.661875000
0.667437500
0.673062500
0.678687500
0.684375000
0.690000000
0.695625000
0.701250000
0.706875000
0.712437500
0.718000000
0.723500000
0.728937500
0.734375000
0.739812500
0.745187500
0.750625000
0.756000000
0.761375000
0.766687500
0.772000000
0.777312500
0.782562500
0.787812500
0.793000000
0.798250000
0.803437500
0.808625000
0.813750000
0.818937500
0.824000000
0.829000000
0.834062500
0.839062500
0.844125000
0.849125000
0.854187500
0.859250000
0.864250000
0.869250000
0.874312500
0.879375000
0.884437500
0.889437500
0.894562500
0.899750000
0.904750000
0.910000000
0.915125000
0.920500000
0.925875000
0.931062500
0.936437500
0.942062500
0.947437500
0.952812500
0.958062500
0.963187500
0.968500000
0.973625000
0.978625000
0.983625000
0.988687500
0.993937500
0.999000000
1.003937500
1.009062500
1.014187500
1.019250000
1.024375000
1.029437500
1.034562500
1.039687500
1.044687500
1.049937500
1.055062500
1.060187500
1.065312500
1.070500000
1.075500000
1.080812500
1.086000000
1.091125000
1.096500000
1.102437500
1.249687500
1.255500000
1.261437500
1.267625000
1.273875000
1.280312500
1.286812500
1.293250000
1.299625000
1.306062500
1.312500000
1.318750000
1.325312500
1.331562500
1.338062500
1.344437500
1.350875000
1.357250000
1.363375000
1.561687500
1.568375000
1.574562500
1.580500000
1.586687500
1.592812500
1.598875000
1.605250000
1.611187500
1.617562500
1.623812500
1.630125000
1.636375000
1.642687500
1.649062500
1.655500000
1.661937500
1.668375000
1.674812500
1.681187500
1.687625000
1.694062500
1.700437500
1.706875000
1.713312500
1.719750000
1.726187500
1.732687500
1.739062500
1.745625000
1.752312500
1.759125000
1.766000000
1.847625000
1.853625000
1.859937500
1.866312500
1.872750000
1.879187500
1.885812500
1.892437500
1.899125000
1.905937500
1.912875000
1.919562500
1.926250000
1.932937500
1.939625000
1.946312500
1.952875000
1.959437500
1.965875000
1.972312500
1.978687500
1.985062500
1.991250000
1.997750000
2.004125000
2.010437500
2.016750000
2.023000000
2.029250000
2.035437500
2.041625000
2.047875000
2.054000000
2.060062500
2.066312500
2.072375000
2.078500000
2.084562500
2.090687500
2.096687500
2.102687500
2.108875000
2.114937500
2.121000000
2.127000000
2.133062500
2.139125000
2.145187500
2.151250000
2.157312500
2.163312500
2.169437500
2.175375000
2.181375000
2.187250000
2.193250000
2.199312500
2.205375000
2.211687500
2.399000000
2.404875000
2.411437500
2.417812500
2.424437500
2.431125000
2.437687500
2.444437500
2.451375000
2.458187500
2.464687500
2.471562500
2.637187500
2.642875000
2.648812500
2.654750000
2.660937500
2.667125000
2.673375000
2.679687500
2.686062500
2.692625000
2.699000000
2.705437500
2.712062500
2.718687500
2.725375000
2.732062500
2.738812500
2.745437500
2.752187500
2.759062500
2.765875000
2.772875000
2.779687500
2.786562500
2.793437500
2.800375000
2.807125000
2.814062500
2.821000000
2.828000000
2.835062500
2.842187500
2.849375000
2.856687500
2.863937500
2.871187500
2.878562500
2.885875000
2.893187500
2.900562500
2.908000000
2.915375000
2.922812500
2.930250000
2.937625000
2.945000000
2.952375000
2.959812500
2.967125000
2.974437500
2.981875000
2.989250000
2.996562500
3.003937500
3.011375000
3.018875000
3.026437500
3.033937500
3.041125000
3.048375000
3.062062500
