0.234687500
0.239562500
0.244437500
0.249562500
0.254625000
0.259500000
0.264625000
0.269562500
0.274562500
0.279687500
0.284812500
0.290062500
0.295437500
0.300875000
0.306500000
0.312250000
0.318125000
0.324062500
0.330062500
0.336062500
0.342125000
0.348187500
0.354250000
0.360375000
0.366562500
0.372937500
0.379250000
0.385687500
0.409312500
0.414562500
0.420250000
0.426250000
0.432125000
0.437812500
0.443562500
0.449312500
0.455000000
0.460687500
0.466375000
0.472125000
0.477875000
0.483500000
0.489187500
0.494937500
0.500625000
0.506375000
0.512062500
0.517687500
0.523312500
0.528937500
0.534625000
0.540250000
0.545875000
0.551500000
0.557000000
0.562562500
0.568125000
0.573500000
0.578937500
0.584312500
0.589750000
0.595125000
0.600375000
0.605687500
0.611000000
0.616375000
0.621937500
0.761937500
0.766687500
0.772437500
0.778187500
0.783937500
0.789750000
0.795625000
0.801750000
0.808312500
1.003312500
1.008750000
1.014312500
1.020000000
1.025812500
1.031687500
1.037687500
1.043562500
1.049562500
1.055500000
1.061562500
1.067625000
1.073625000
1.079625000
1.085562500
1.091562500
1.097500000
1.103500000
1.109500000
1.115562500
1.250500000
1.255125000
1.260500000
1.265937500
1.271437500
1.276875000
1.282375000
1.287812500
1.293312500
1.298875000
1.304312500
1.309812500
1.315312500
1.320812500
1.326312500
1.331750000
1.337187500
1.342562500
1.348000000
1.353375000
1.358812500
1.364187500
1.369687500
1.375062500
1.380500000
1.386000000
1.391687500
1.397750000
1.404437500
1.410687500
1.423562500
1.446250000
1.461312500
1.468500000
1.474500000
1.480250000
1.486000000
1.491625000
1.496937500
1.502250000
1.507562500
1.512937500
1.518312500
1.523750000
1.529187500
1.534625000
1.540062500
1.545562500
1.551062500
1.556687500
1.562187500
1.567812500
1.573375000
1.579000000
1.584625000
1.590312500
1.596000000
1.601687500
1.607375000
1.613062500
1.618687500
1.624250000
1.629812500
1.635312500
1.640812500
1.646312500
1.651812500
1.657312500
1.662875000
1.668437500
1.674062500
1.679750000
1.685687500
1.691812500
1.698000000
1.704375000
1.710875000
1.717500000
1.724250000
1.731250000
1.738625000
1.764125000
1.768875000
1.774875000
1.780687500
1.786687500
1.792750000
1.798875000
1.804875000
1.810937500
1.817125000
1.823312500
1.829437500
1.835562500
1.841750000
1.847937500
1.854125000
1.860375000
1.866500000
1.872687500
1.878812500
1.885000000
1.891062500
1.897312500
1.903437500
1.909562500
1.915750000
1.921875000
1.928062500
1.934187500
1.940437500
1.946625000
1.952750000
1.958937500
1.965250000
1.971562500
1.977937500
1.984250000
1.990625000
1.997125000
2.003562500
2.009937500
2.016500000
2.023062500
2.029625000
2.036187500
2.042687500
2.049375000
2.056062500
2.062812500
2.069500000
2.076187500
2.082875000
2.089750000
