0.050488
0.225800
0.231613
0.237175
0.242737
0.248300
0.253738
0.259238
0.264675
0.270050
0.275488
0.280863
0.286175
0.291550
0.296863
0.302175
0.307550
0.312863
0.318050
0.323363
0.328613
0.333863
0.339113
0.344363
0.349550
0.354738
0.359925
0.364988
0.370113
0.375175
0.380175
0.385238
0.390238
0.395238
0.400238
0.405238
0.410238
0.415238
0.420300
0.425300
0.430425
0.435488
0.440675
0.445800
0.451050
0.456488
0.462113
0.468113
0.475300
0.485550
0.504675
0.511988
0.523863
0.529675
0.536613
0.541988
0.547988
0.553613
0.559300
0.564863
0.570425
0.575987
0.581550
0.587113
0.592675
0.598237
0.603800
0.609363
0.614925
0.620550
0.626050
0.631613
0.637175
0.642738
0.648363
0.654050
0.659737
0.665613
0.671550
0.677550
0.683613
0.689738
0.695738
0.701612
0.707300
0.712925
0.718425
0.723800
0.729113
0.734363
0.739550
0.744800
0.750050
0.755300
0.760613
0.765925
0.771300
0.776675
0.782050
0.787488
0.792925
0.798362
0.803800
0.809300
0.814925
0.820738
0.826800
0.833050
0.839675
0.898925
0.904238
0.909675
0.915113
0.920613
0.926113
0.931675
0.937238
0.942863
0.948550
0.954238
0.959987
0.965800
0.971675
0.977550
0.983488
0.989425
0.995425
1.001362
1.007238
1.013175
1.018987
1.024863
1.030675
1.036488
1.042300
1.048113
1.053925
1.059738
1.065550
1.071300
1.077112
1.082988
1.088800
1.094675
1.100675
1.107175
1.223988
1.227675
1.232738
1.237737
1.242863
1.247925
1.252987
1.258113
1.263175
1.268238
1.273238
1.278300
1.283300
1.288300
1.293300
1.298300
1.303363
1.308363
1.313425
1.318488
1.323613
1.328800
1.333988
1.339238
1.344488
1.349800
1.355238
1.360613
1.366050
1.371550
1.377175
1.382738
1.388362
1.394113
1.399863
1.405675
1.411488
1.417363
1.423237
1.429175
1.435113
1.441175
1.447238
1.453300
1.459425
1.465613
1.471800
1.477925
1.484050
1.490175
1.496363
1.502488
1.508675
1.515488
1.625800
1.631425
1.637300
1.643175
1.649113
1.655175
1.661175
1.667237
1.673300
1.679425
1.685613
1.691863
1.698238
1.704925
1.811487
1.816988
1.822613
1.828300
1.833988
1.839675
1.845363
1.851112
1.856863
1.862800
1.869488
2.001050
2.005925
2.010988
2.016175
2.021425
2.026613
2.031862
2.037175
2.042425
2.047675
2.052988
2.058300
2.063675
2.069175
2.074800
2.080738
2.192487
2.196487
2.201988
2.207488
2.213175
2.218925
2.224800
2.230738
2.236675
2.242675
2.248737
2.254863
2.260988
2.267050
2.273175
2.279300
2.285363
2.291425
2.297487
2.303550
2.309487
2.315488
2.321550
2.327488
2.333613
2.339987
2.451925
2.458925
2.527112
2.533800
2.539738
2.545800
2.551800
2.557863
2.563925
2.570050
2.576112
2.582175
2.588175
2.594175
2.600238
2.606300
2.612363
2.618488
2.624487
2.630613
2.636738
2.642863
2.649050
2.655238
2.661425
2.667675
2.673862
2.680050
2.686300
2.692550
2.698863
2.705238
2.711550
2.717925
2.724300
2.730675
2.736925
2.743175
2.749300
2.755488
2.761675
2.767800
2.773862
2.780113
2.786300
2.792550
2.798925
2.805300
2.811675
2.818113
2.824613
2.831050
2.837550
2.844113
2.850613
2.857175
2.863800
2.870550
2.877737
2.883550
