0.081237
0.215238
0.220550
0.226050
0.231363
0.236737
0.241987
0.247238
0.252488
0.257738
0.262988
0.268300
0.273550
0.278863
0.284113
0.289425
0.294675
0.299925
0.305175
0.310425
0.315800
0.321113
0.326488
0.331925
0.337363
0.342800
0.348238
0.353613
0.358925
0.364238
0.369550
0.374863
0.380238
0.385613
0.391050
0.396488
0.401988
0.407488
0.412925
0.418425
0.423988
0.429488
0.435050
0.440550
0.446050
0.451550
0.457050
0.462488
0.467863
0.473175
0.478488
0.483675
0.488863
0.493988
0.499175
0.505175
0.662988
0.666925
0.671425
0.675988
0.680550
0.685175
0.689925
0.694863
0.700238
0.845800
0.850425
0.855300
0.860237
0.865237
0.870300
0.875363
0.880487
0.885613
0.890675
0.895800
0.900925
0.905925
0.910988
0.916113
0.921550
1.030738
1.035363
1.040738
1.046113
1.051488
1.056925
1.062363
1.067862
1.073425
1.079112
1.084800
1.090675
1.096550
1.102488
1.108488
1.114425
1.120300
1.126113
1.131987
1.137863
1.143738
1.149612
1.155550
1.161550
1.167612
1.173675
1.179738
1.185863
1.191988
1.198175
1.204300
1.210550
1.216738
1.222863
1.228988
1.235113
1.241238
1.247362
1.253488
1.259550
1.265738
1.272113
1.278675
1.285550
1.291738
1.347863
1.355863
1.361800
1.373863
1.380238
1.385925
1.505050
1.510300
1.515800
1.521363
1.527050
1.532738
1.538488
1.544363
1.550237
1.556175
1.562050
1.567988
1.573988
1.579988
1.585988
1.592050
1.597988
1.604050
1.610050
1.616050
1.622050
1.628050
1.634050
1.639987
1.645925
1.651863
1.657800
1.663800
1.669738
1.675675
1.681613
1.687550
1.693488
1.699425
1.705425
1.711363
1.717300
1.723175
1.729113
1.735113
1.741425
1.747863
1.754613
1.761863
1.837613
1.843550
1.849550
1.855550
1.861550
1.867550
1.873613
1.879675
1.885675
1.891675
1.897675
1.903675
1.909738
1.915800
1.921800
1.927800
1.933800
1.939863
1.945925
1.951925
1.957988
1.964050
1.970112
1.976112
1.982175
1.988175
1.994175
2.000113
2.006050
2.011925
2.017800
2.023613
2.029488
2.035300
2.041050
2.046863
2.052675
2.058425
2.064237
2.069987
2.075738
2.081488
2.087300
2.093050
2.098737
2.104425
2.110113
2.115737
2.121363
2.126987
2.132613
2.138175
2.143800
2.149363
2.154925
2.160487
2.165988
2.171488
2.176988
2.182488
2.188050
2.194050
2.397175
2.401737
2.407050
2.412300
2.417613
2.422988
2.428363
2.433863
2.439363
2.444863
2.450425
2.456050
2.461613
2.467175
2.472800
2.478362
2.484175
2.490737
2.620675
2.625550
2.630863
2.636112
2.641488
2.646863
2.652238
2.657612
2.662987
2.668425
2.673862
2.679300
2.684800
2.690300
2.695800
2.701363
2.706925
2.712487
2.718050
2.723675
2.729300
2.734925
2.740550
2.746175
2.751800
2.757425
2.763113
2.768863
2.774675
2.780550
2.786550
2.792613
2.798738
2.804925
2.811175
2.817425
2.823675
2.829862
2.835800
2.841550
2.847300
2.852988
2.858675
2.864300
2.869925
2.875612
2.881362
2.887113
2.892863
2.898675
2.904550
2.910550
2.916612
2.922675
2.928800
2.934862
2.941113
2.947238
2.953362
2.959613
2.965800
2.971925
2.978112
2.984363
2.990550
2.996800
3.002988
3.009238
3.015425
3.021675
3.027862
3.034113
3.040363
3.046613
3.052862
3.059112
3.065363
3.071613
3.077863
3.084112
3.090362
3.096675
3.102988
3.109300
3.115613
3.121987
3.128363
3.134738
3.141113
3.147550
3.153987
3.160363
3.166800
3.173237
3.179675
3.186113
3.192487
3.198863
3.205238
3.211550
3.217925
3.224300
3.230675
3.237050
3.243488
3.250113
3.256863
