0.230737
0.236175
0.241300
0.246425
0.251675
0.256863
0.262050
0.267300
0.272488
0.277738
0.283050
0.288363
0.293675
0.299050
0.304425
0.309863
0.315300
0.320738
0.326238
0.331738
0.337175
0.342613
0.348113
0.353550
0.358988
0.364425
0.369863
0.375300
0.380675
0.386113
0.391488
0.396800
0.402175
0.407425
0.412613
0.417738
0.422863
0.427925
0.432925
0.437925
0.442988
0.448175
0.612550
0.724237
0.729800
0.734925
0.740237
0.745550
0.750862
0.756175
0.761487
0.766863
0.772175
0.777488
0.782800
0.788175
0.793425
0.798737
0.804050
0.809362
0.814675
0.819987
0.825300
0.830675
0.835987
0.841363
0.846738
0.852113
0.857488
0.862862
0.868300
0.873738
0.879238
0.884738
0.890238
0.895800
0.901363
0.906925
0.912550
0.918175
0.923800
0.929425
0.935050
0.940675
0.946363
0.952113
0.957863
0.963612
0.969300
0.974988
0.980738
0.986425
0.992113
0.997800
1.003550
1.009238
1.014987
1.020675
1.026425
1.032175
1.037925
1.043738
1.049613
1.055487
1.061425
1.067363
1.073363
1.079425
1.085425
1.091550
1.097613
1.103738
1.109863
1.116050
1.122300
1.128488
1.134863
1.141175
1.147488
1.153863
1.160175
1.166550
1.172800
1.179175
1.185488
1.191863
1.198175
1.204675
1.211050
1.217550
1.223988
1.230488
1.236925
1.243425
1.249988
1.256488
1.262863
1.269300
1.275800
1.282363
1.288800
1.295175
1.301488
1.307925
1.314237
1.320550
1.326925
1.333487
1.339550
1.555363
1.560300
1.566300
1.572300
1.578425
1.584675
1.590988
1.597363
1.603800
1.610300
1.616737
1.623300
1.629863
1.636425
1.643050
1.649675
1.656238
1.662863
1.669425
1.675988
1.682550
1.689175
1.695738
1.702300
1.708863
1.715488
1.722050
1.728613
1.735175
1.741737
1.748363
1.754800
1.761300
1.767800
1.774300
1.780675
1.787050
1.793425
1.799800
1.806175
1.812550
1.819050
1.825550
1.832050
1.838550
2.025050
2.036988
2.043425
2.049237
2.055238
2.061237
2.067238
2.073175
2.079112
2.085050
2.090925
2.096862
2.102737
2.108613
2.114488
2.120363
2.126362
2.132487
2.138800
2.145363
2.152050
2.158987
2.254987
2.260675
2.266675
2.272737
2.278738
2.284863
2.290988
2.297238
2.303800
2.469988
2.474925
2.480863
2.486737
2.492550
2.498425
2.504363
2.510300
2.516237
2.522238
2.528175
2.534238
2.540300
2.546425
2.552488
2.558675
2.564862
2.571050
2.577300
2.583613
2.589863
2.596238
2.602550
2.608862
2.615113
2.621363
2.627550
2.633738
2.639925
2.646050
2.652175
2.658237
2.664300
2.670363
2.676300
2.682237
2.688238
2.694300
2.700487
2.706800
2.713112
2.719425
2.725675
2.731737
2.737675
2.743425
2.749175
2.754800
2.760362
2.765988
2.771550
2.777175
2.782800
2.788425
2.794113
2.799738
2.805363
2.811113
2.816800
2.822487
2.828362
2.834800
2.967300
2.971800
2.977238
2.982737
2.988363
2.993987
2.999738
3.005550
3.011363
3.017175
3.023050
3.028925
3.034863
3.040738
3.046675
3.052613
3.058613
3.064613
3.070613
3.076613
3.082675
3.088800
3.094863
3.100925
3.107050
3.113175
3.119362
3.125488
3.131737
3.137925
3.144112
3.150363
3.156613
3.162863
3.169237
3.175488
3.181862
3.188238
3.194612
3.200988
3.207425
3.213862
3.220300
3.226675
3.232988
3.239362
3.245675
3.251925
3.258113
3.264362
3.270550
3.276737
3.282925
3.289050
3.295175
3.301425
3.307738
