0.243250000
0.247687500
0.252375000
0.257250000
0.262062500
0.266937500
0.271875000
0.276750000
0.281750000
0.286812500
0.292125000
0.298125000
0.432687500
0.437125000
0.441750000
0.446562500
0.451312500
0.456062500
0.460750000
0.465437500
0.470125000
0.474812500
0.479562500
0.484250000
0.488875000
0.493500000
0.498187500
0.502750000
0.507375000
0.512000000
0.516500000
0.521125000
0.525687500
0.530375000
0.534937500
0.539562500
0.544125000
0.548750000
0.553375000
0.557937500
0.562437500
0.567125000
0.571687500
0.576250000
0.580687500
0.585250000
0.589812500
0.594375000
0.599000000
0.603625000
0.608187500
0.612812500
0.617500000
0.622187500
0.626875000
0.631625000
0.636500000
0.641125000
0.646062500
0.650687500
0.655625000
0.660312500
0.665187500
0.670062500
0.674875000
0.679812500
0.684562500
0.689375000
0.694187500
0.698937500
0.703750000
0.708812500
0.714187500
0.720000000
0.863562500
0.867937500
0.872500000
0.877062500
0.881625000
0.886250000
0.890812500
0.895375000
0.900000000
0.904562500
0.909125000
0.913687500
0.918250000
0.922812500
0.927375000
0.931937500
0.936500000
0.941062500
0.945687500
0.950625000
0.955750000
0.961000000
0.966437500
0.971937500
0.977562500
0.983187500
0.988937500
0.994750000
1.000562500
1.006562500
1.012500000
1.018625000
1.092875000
1.097625000
1.102812500
1.108000000
1.113312500
1.118562500
1.123812500
1.129125000
1.134437500
1.139812500
1.145187500
1.150625000
1.156062500
1.161562500
1.167000000
1.172437500
1.177875000
1.183312500
1.188750000
1.194250000
1.199687500
1.205125000
1.210625000
1.216062500
1.221687500
1.227187500
1.232750000
1.238312500
1.243812500
1.249375000
1.254937500
1.260437500
1.266000000
1.271500000
1.277000000
1.282437500
1.287937500
1.293437500
1.298875000
1.304312500
1.309812500
1.315250000
1.320750000
1.326125000
1.331562500
1.337000000
1.342437500
1.347937500
1.353375000
1.358812500
1.364437500
1.370125000
1.452125000
1.456687500
1.461937500
1.467187500
1.472500000
1.477812500
1.483250000
1.488625000
1.494062500
1.499500000
1.504937500
1.510375000
1.515812500
1.521250000
1.526750000
1.532187500
1.537625000
1.542937500
1.548312500
1.553562500
1.558812500
1.564125000
1.569375000
1.574687500
1.580187500
1.585250000
1.590562500
1.595812500
1.601000000
1.606250000
1.611500000
1.616687500
1.621875000
1.627312500
1.632812500
1.739062500
1.744000000
1.749562500
1.755000000
1.760500000
1.766000000
1.771437500
1.776937500
1.782500000
1.788062500
1.793625000
1.799187500
1.804812500
1.810437500
1.816062500
1.821625000
1.827187500
1.832875000
1.838500000
1.844187500
1.849937500
1.855625000
1.861375000
1.867062500
1.872937500
1.878687500
1.884562500
1.890437500
1.896312500
1.902187500
1.908000000
1.913875000
1.919750000
1.925687500
1.931562500
1.937500000
1.943312500
1.949187500
1.955062500
1.960875000
1.966687500
1.972500000
1.978250000
1.984062500
1.989750000
1.995437500
2.001312500
2.007125000
2.013125000
2.019187500
2.025250000
2.031437500
2.037562500
2.043875000
2.050000000
2.056125000
2.062062500
2.068000000
2.073687500
2.079312500
2.084937500
2.090625000
2.096312500
2.102000000
2.107687500
2.113437500
2.119375000
2.125375000
2.131250000
2.137125000
2.142937500
2.148687500
2.154437500
2.160250000
2.166000000
2.171875000
2.177687500
2.183562500
2.189562500
2.195500000
2.201437500
2.207312500
2.213187500
2.219062500
2.224875000
2.230625000
2.236312500
2.242000000
2.247750000
2.253437500
2.259187500
2.265000000
2.270937500
2.276875000
2.282812500
2.293000000
