0.237737
0.243425
0.249175
0.254925
0.260613
0.266300
0.271800
0.277175
0.282550
0.287925
0.293300
0.298738
0.304238
0.309675
0.315238
0.320738
0.326238
0.331800
0.337300
0.342800
0.348300
0.353800
0.359238
0.364675
0.370113
0.375488
0.380863
0.386175
0.391488
0.396800
0.402050
0.407300
0.412550
0.417738
0.422925
0.428113
0.433238
0.438363
0.443488
0.448613
0.453738
0.458800
0.463925
0.468988
0.474050
0.479113
0.484113
0.488988
0.493988
0.498925
0.504113
0.509613
0.612800
0.616925
0.621613
0.626300
0.630988
0.635675
0.640425
0.645175
0.649988
0.654800
0.659613
0.664488
0.669362
0.674238
0.679113
0.683987
0.688925
0.693800
0.698675
0.703612
0.708612
0.713675
0.719237
0.724988
0.731738
0.828987
0.833550
0.838237
0.842988
0.847800
0.852613
0.857425
0.862300
0.867237
0.872175
0.877113
0.882113
0.887050
0.892050
0.896988
0.901988
0.907425
0.913175
0.989862
0.994925
1.000238
1.005613
1.010987
1.016363
1.021800
1.027238
1.032675
1.038113
1.043550
1.049050
1.054488
1.060050
1.065550
1.071112
1.076738
1.082363
1.087863
1.093425
1.098988
1.104550
1.110113
1.115675
1.121300
1.126863
1.132425
1.138050
1.143612
1.149175
1.154738
1.160300
1.165800
1.171363
1.176862
1.182487
1.188050
1.193550
1.199050
1.204487
1.209988
1.215488
1.220988
1.226425
1.231863
1.237362
1.242738
1.248238
1.253675
1.259175
1.264612
1.270113
1.275675
1.281238
1.286800
1.292425
1.298050
1.303738
1.309487
1.315238
1.321050
1.326863
1.332738
1.338675
1.344613
1.350550
1.356550
1.362550
1.368550
1.374550
1.380613
1.386675
1.392800
1.398988
1.405175
1.411425
1.417612
1.423800
1.430050
1.436363
1.442613
1.448988
1.455300
1.461550
1.467925
1.474738
1.480112
1.488925
1.493425
1.501550
1.505988
1.513238
1.518175
1.525113
1.530800
1.537238
1.543363
1.549488
1.555675
1.561862
1.568425
1.575238
1.582050
1.588800
1.595550
1.602175
1.608425
1.614488
1.620675
1.626800
1.632863
1.638988
1.645113
1.651175
1.657300
1.663363
1.669488
1.675612
1.681738
1.687863
1.693925
1.700050
1.706238
1.712300
1.718613
1.725050
1.731925
1.739050
1.745925
1.753175
1.760300
1.799113
1.805238
1.883612
1.888613
1.894238
1.899800
1.905363
1.910988
1.916550
1.922113
1.927738
1.933363
1.938925
1.944550
1.950238
1.955925
1.961737
1.967800
2.096050
2.100675
2.106488
2.112238
2.118113
2.124050
2.129987
2.136050
2.142175
2.148363
2.154550
2.160800
2.167050
2.173363
2.179613
2.185862
2.192112
2.198300
2.204425
2.210425
2.216737
2.223113
2.229800
2.237050
2.315237
2.344737
2.365925
2.386675
2.391488
2.398112
2.403550
2.410300
2.416363
2.422738
2.429175
2.435738
2.442425
2.448987
2.455675
2.462550
2.469300
2.475925
2.482800
2.489050
2.495800
2.502050
2.508612
2.514925
2.521300
2.527613
2.533863
2.539988
2.546175
2.552300
2.558300
2.564425
2.570613
2.576738
2.583050
2.589800
2.717738
2.722800
2.729112
2.734925
2.740613
2.746425
2.752300
2.758237
2.764175
2.770175
2.776238
2.782300
2.788362
2.794488
2.800613
2.806738
2.812925
2.819113
2.825363
2.831612
2.837925
2.844175
2.850550
2.856863
2.863175
2.869550
2.875863
2.882238
2.888612
2.894988
2.901425
2.907800
2.914175
2.920550
2.926988
2.933362
2.939800
2.946175
2.952550
2.958925
2.965238
2.971613
2.977925
2.984300
2.990737
2.997175
3.003425
3.009738
3.016237
3.022737
3.029488
3.035925
