0.2265625
0.231
0.2355
0.2399375
0.2444375
0.2489375
0.2534375
0.2579375
0.2625
0.2670625
0.271625
0.2761875
0.28075
0.2853125
0.289875
0.294375
0.2989375
0.3035
0.308
0.3125625
0.317125
0.321625
0.3261875
0.33075
0.3353125
0.339875
0.344375
0.3489375
0.3535625
0.3581875
0.36275
0.36725
0.3718125
0.3764375
0.3811875
0.3858125
0.3904375
0.3950625
0.399625
0.404125
0.4085
0.4129375
0.417375
0.421625
0.4259375
0.4303125
0.434625
0.4389375
0.4433125
0.44775
0.45225
0.4566875
0.46125
0.46575
0.4703125
0.4748125
0.4793125
0.4838125
0.48825
0.49275
0.4971875
0.501625
0.5060625
0.5104375
0.5148125
0.5191875
0.5235
0.528
0.532625
0.6956875
0.699625
0.703625
0.7076875
0.7118125
0.7160625
0.7203125
0.7245625
0.7289375
0.733125
0.7375625
0.7419375
0.7463125
0.7508125
0.7553125
0.7598125
0.7644375
0.7690625
0.77375
0.7785
0.78325
0.7880625
0.7929375
0.79775
0.802625
0.8075625
0.8124375
0.817375
0.8223125
0.8273125
0.83225
0.83725
0.84225
0.8473125
0.8523125
0.857375
0.8624375
0.8674375
0.8725
0.8775625
0.8825625
0.887625
0.892625
0.8975625
0.9025625
0.9075
0.9125
0.9174375
0.922375
0.9273125
0.9321875
0.9371875
0.942375
1.063375
1.06825
1.0731875
1.0781875
1.08325
1.088375
1.0935625
1.0986875
1.103875
1.1090625
1.1143125
1.1195625
1.124875
1.13025
1.1361875
1.2673125
1.2720625
1.277125
1.28225
1.2874375
1.292625
1.2978125
1.3030625
1.3083125
1.313625
1.3189375
1.32425
1.3295625
1.3349375
1.34025
1.3455625
1.350875
1.3561875
1.3615
1.36675
1.372
1.37725
1.3825625
1.3878125
1.3930625
1.3983125
1.403625
1.4089375
1.414375
1.5443125
1.5495625
1.5551875
1.56075
1.566375
1.5719375
1.577625
1.5833125
1.588875
1.5945
1.600125
1.6056875
1.6113125
1.616875
1.6225
1.628125
1.6336875
1.6393125
1.645125