0.214750000	
0.219812500	
0.225625000	
0.231125000	
0.236687500	
0.242125000	
0.247562500	
0.252750000	
0.257937500	
0.263000000	
0.268062500	
0.273000000	
0.277812500	
0.282812500	
0.287750000	
0.292750000	
0.297625000	
0.302562500	
0.307562500	
0.312500000	
0.317500000	
0.322437500	
0.327375000	
0.332500000	
0.337437500	
0.342500000	
0.347312500	
0.352375000	
0.357312500	
0.362062500	
0.367062500	
0.372062500	
0.376937500	
0.381812500	
0.386937500	
0.391875000	
0.396937500	
0.401875000	
0.406750000	
0.411625000	
0.416062500	
0.420687500	
0.425500000	
0.430125000	
0.434500000	
0.439125000	
0.443875000	
0.448437500	
0.453062500	
0.457625000	
0.462437500	
0.466937500	
0.471687500	
0.476437500	
0.481000000	
0.485812500	
0.490687500	
0.495437500	
0.500250000	
0.505000000	
0.509937500	
0.514937500	
0.519937500	
0.524750000	
0.529750000	
0.534750000	
0.539687500	
0.544562500	
0.549812500	
0.554750000	
0.559937500	
0.565000000	
0.570125000	
0.575312500	
0.580687500	
0.585750000	
0.591062500	
0.596625000	
0.601812500	
0.607375000	
0.612625000	
0.618125000	
0.623687500	
0.629125000	
0.634562500	
0.639937500	
0.645375000	
0.650875000	
0.656187500	
0.661687500	
0.667187500	
0.672687500	
0.678000000	
0.683500000	
0.688937500	
0.694312500	
0.699937500	
0.705375000	
0.710937500	
0.716375000	
0.721875000	
0.727562500	
0.732937500	
0.738437500	
0.743812500	
0.749437500	
0.754812500	
0.760375000	
0.765937500	
0.771812500	
0.777500000	
0.783437500	
0.789687500	
0.795937500	
0.802875000	
0.826562500	
0.831812500	
0.837625000	
0.843250000	
0.848687500	
0.854375000	
0.860000000	
0.865687500	
0.871312500	
0.877125000	
0.882812500	
0.888562500	
0.894375000	
0.900062500	
0.905812500	
0.911687500	
0.917500000	
0.923375000	
0.929437500	
0.935312500	
0.941375000	
0.947750000	
0.954062500	
0.960687500	
0.967625000	
1.118187500	
1.123687500	
1.129312500	
1.134937500	
1.140375000	
1.146187500	
1.151812500	
1.157750000	
1.163500000	
1.169250000	
1.175312500	
1.181125000	
1.187062500	
1.193062500	
1.199125000	
1.205312500	
1.211375000	
1.217375000	
1.223375000	
1.229625000	
1.235562500	
1.235562500	
1.241937500	
1.248000000	
1.254312500	
1.260250000	
1.266562500	
1.272875000	
1.279125000	
1.285375000	
1.291687500	
1.298125000	
1.304312500	
1.310625000	
1.317125000	
1.323687500	
1.329875000	
1.336312500	
1.342625000	
1.349000000	
1.355437500	
1.361687500	
1.368312500	
1.374750000	
1.381187500	
1.387562500	
1.394062500	
1.400437500	
1.406812500	
1.413250000	
1.419625000	
1.426125000	
1.432562500	
1.438937500	
1.445562500	
1.452375000	
