0.289937500	
0.294250000	
0.299000000	
0.303750000	
0.308750000	
0.313375000	
0.318312500	
0.323250000	
0.328187500	
0.333187500	
0.338312500	
0.343250000	
0.348375000	
0.353562500	
0.358625000	
0.363875000	
0.369000000	
0.374312500	
0.379437500	
0.384687500	
0.389875000	
0.395062500	
0.400250000	
0.405562500	
0.410812500	
0.415875000	
0.421125000	
0.426250000	
0.431562500	
0.436875000	
0.442125000	
0.447500000	
0.452875000	
0.458125000	
0.463625000	
0.469125000	
0.474562500	
0.480125000	
0.485562500	
0.490875000	
0.496312500	
0.501625000	
0.507062500	
0.512500000	
0.517875000	
0.523437500	
0.528875000	
0.534250000	
0.539687500	
0.545062500	
0.550500000	
0.555875000	
0.561250000	
0.566875000	
0.572375000	
0.578062500	
0.583562500	
0.589375000	
0.595312500	
0.601187500	
0.607187500	
0.613125000	
0.619125000	
0.624875000	
0.630812500	
0.636750000	
0.642812500	
0.648750000	
0.654875000	
0.660937500	
0.667125000	
0.673250000	
0.679562500	
0.685812500	
0.692062500	
0.698312500	
0.704750000	
0.711000000	
0.717250000	
0.723500000	
0.729812500	
0.736250000	
0.742687500	
0.749312500	
0.756000000	
0.763000000	
0.769500000	
0.776125000	
0.782750000	
0.930000000	
1.013562500	
1.019625000	
1.025562500	
1.031750000	
1.037500000	
1.043250000	
1.049125000	
1.055062500	
1.060875000	
1.066812500	
1.072500000	
1.078375000	
1.084250000	
1.090437500	
1.096312500	
1.102000000	
1.107937500	
1.113500000	
1.119250000	
1.124875000	
1.130312500	
1.135937500	
1.141437500	
1.146937500	
1.152500000	
1.158187500	
1.164125000	
1.169875000	
1.175375000	
1.181125000	
1.187062500	
1.193125000	
1.199437500	
1.206312500	
1.213437500	
1.221937500	
1.230312500	
1.239437500	
1.248500000	
1.256312500	
1.263125000	
1.269250000	
1.275187500	
1.281000000	
1.287062500	
1.294625000	
1.300562500	
1.306687500	
1.312562500	
1.318687500	
1.324750000	
1.330625000	
1.336750000	
1.342875000	
1.348750000	
1.354875000	
1.360875000	
1.366812500	
1.372812500	
1.378750000	
1.384812500	
1.390812500	
1.396562500	
1.402375000	
1.408125000	
1.414000000	
1.419562500	
1.425312500	
1.431062500	
1.436687500	
1.442687500	
1.448437500	
1.454562500	
1.461187500	
1.584812500	
1.589875000	
1.595562500	
1.601312500	
1.606875000	
1.612625000	
1.618437500	
1.624250000	
1.630062500	
1.636062500	
1.641875000	
1.647812500	
1.653750000	
1.659875000	
1.666187500	
1.673375000	
1.806125000	
1.811750000	
1.817500000	
1.823125000	
1.829125000	
1.834937500	
1.840875000	
1.847000000	
1.853062500	
1.859062500	
1.865125000	
1.871125000	
1.877125000	
1.883187500	
1.889250000	
1.895312500	
1.901187500	
1.907125000	
1.913312500	
1.919312500	
1.925250000	
1.931125000	
1.937187500	
1.943062500	
1.949125000	
1.955250000	
2.097062500	
2.101375000	
2.106750000	
2.112375000	
2.117875000	
2.123312500	
2.128937500	
2.134500000	
2.140125000	
2.145750000	
2.151312500	
2.157062500	
2.162687500	
2.168312500	
2.174000000	
2.179625000	
2.185437500	
2.191062500	
2.196875000	
2.202437500	
2.208125000	
2.213937500	
2.219625000	
2.225562500	
2.231312500	
2.237125000	
2.242937500	
2.248937500	
2.254812500	
2.260750000	
2.266750000	
2.272937500	
2.279000000	
2.285000000	
2.291000000	
2.297125000	
2.303125000	
2.309187500	
2.315375000	
2.321500000	
2.327687500	
2.333875000	
2.340000000	
2.346250000	
2.352437500	
2.358875000	
2.365125000	
2.371250000	
2.377750000	
2.384187500	
2.390687500	
2.397125000	
2.403562500	
2.409812500	
2.416437500	
2.422875000	
2.429250000	
2.435625000	
2.442000000	
2.448375000	
2.454687500	
2.461375000	
2.467937500	
2.474875000	
