0.223125000	
0.228062500	
0.233687500	
0.239000000	
0.244375000	
0.249687500	
0.255187500	
0.260625000	
0.266062500	
0.271437500	
0.276937500	
0.282312500	
0.287812500	
0.293250000	
0.298812500	
0.304250000	
0.309750000	
0.315312500	
0.321000000	
0.326625000	
0.332375000	
0.338125000	
0.343812500	
0.349437500	
0.355125000	
0.360812500	
0.366500000	
0.372062500	
0.377500000	
0.383062500	
0.388875000	
0.394312500	
0.399875000	
0.405437500	
0.411125000	
0.416812500	
0.422437500	
0.428125000	
0.433750000	
0.439750000	
0.445937500	
0.450250000	
0.563812500	
0.568562500	
0.573812500	
0.579437500	
0.585062500	
0.590687500	
0.596312500	
0.601937500	
0.607750000	
0.613500000	
0.619250000	
0.625062500	
0.630750000	
0.636437500	
0.642437500	
0.648062500	
0.654000000	
0.659687500	
0.665375000	
0.671062500	
0.677125000	
0.682750000	
0.688625000	
0.694187500	
0.699750000	
0.705500000	
0.711125000	
0.716687500	
0.722375000	
0.727812500	
0.733312500	
0.738750000	
0.744125000	
0.749625000	
0.754937500	
0.760375000	
0.765687500	
0.770937500	
0.776125000	
0.781437500	
0.786750000	
0.792187500	
0.797437500	
0.802875000	
0.808250000	
0.813500000	
0.818625000	
0.823937500	
0.829062500	
0.834187500	
0.839500000	
0.844562500	
0.849812500	
0.854937500	
0.860187500	
0.865250000	
0.870312500	
0.875625000	
0.880687500	
0.885812500	
0.890812500	
0.895937500	
0.900937500	
0.906125000	
0.911250000	
0.916250000	
0.921312500	
0.926312500	
0.931375000	
0.936375000	
0.941250000	
0.946375000	
0.951625000	
0.956500000	
0.961500000	
0.966625000	
0.971812500	
0.976687500	
0.981875000	
0.986750000	
0.991875000	
0.996937500	
1.002062500	
1.007062500	
1.012187500	
1.017437500	
1.022750000	
1.027875000	
1.033062500	
1.038375000	
1.043562500	
1.048937500	
1.054187500	
1.059750000	
1.065687500	
1.069125000	
1.074750000	
1.080625000	
1.230375000	
1.235125000	
1.240812500	
1.246625000	
1.252312500	
1.258125000	
1.263875000	
1.269812500	
1.275687500	
1.281437500	
1.287500000	
1.293250000	
1.299375000	
1.305125000	
1.311000000	
1.317062500	
1.323062500	
1.328875000	
1.334875000	
1.340750000	
1.346812500	
1.352875000	
1.358687500	
1.364687500	
1.370687500	
1.376625000	
1.382562500	
1.388562500	
1.394375000	
1.400312500	
1.406125000	
1.412125000	
1.417937500	
1.423562500	
1.429687500	
1.435250000	
1.441250000	
1.446812500	
1.452500000	
1.458437500	
1.464562500	
1.470750000	
1.477375000	
1.484187500	
1.502062500	
1.516062500	
1.528812500	
1.535187500	
1.541562500	
1.547375000	
1.553312500	
1.559125000	
1.564937500	
1.571000000	
1.577000000	
1.583312500	
1.589250000	
1.595687500	
1.601875000	
1.608250000	
1.614562500	
1.621000000	
1.627312500	
1.633437500	
1.639250000	
1.645125000	
1.650875000	
1.656875000	
1.662812500	
1.668812500	
1.674937500	
1.680812500	
1.687062500	
1.693062500	
1.699375000	
1.705562500	
1.711750000	
1.718000000	
1.724312500	
1.730312500	
1.736750000	
1.742937500	
1.749000000	
1.755312500	
1.761687500	
1.767812500	
1.774375000	
1.780687500	
1.787000000	
1.793562500	
1.800000000	
1.806375000	
1.812687500	
1.819250000	
1.825812500	
1.832187500	
1.838687500	
1.845312500	
1.851750000	
1.858312500	
1.864875000	
1.871437500	
1.877937500	
1.884687500	
1.891125000	
1.897875000	
1.904500000	
1.911187500	
1.917812500	
1.923812500	
1.930187500	
