0.232562500
0.238125000
0.244000000
0.249812500
0.255500000
0.261187500
0.266750000
0.272187500
0.277500000
0.282750000
0.287937500
0.293125000
0.298312500
0.303500000
0.308625000
0.313750000
0.318875000
0.324062500
0.329187500
0.334312500
0.339437500
0.344500000
0.349562500
0.354562500
0.359562500
0.364625000
0.369937500
0.523000000
0.527437500
0.532000000
0.536562500
0.541187500
0.545750000
0.550312500
0.554875000
0.559500000
0.564062500
0.568687500
0.573375000
0.578000000
0.582750000
0.587625000
0.592625000
0.597812500
0.603125000
0.608437500
0.613875000
0.619312500
0.624687500
0.630000000
0.635375000
0.641062500
0.646687500
0.652500000
0.658312500
0.664000000
0.669312500
0.674687500
0.680187500
0.685625000
0.691000000
0.696375000
0.701625000
0.706875000
0.712187500
0.717562500
0.722937500
0.728500000
0.734062500
0.739687500
0.745375000
0.751062500
0.756812500
0.762500000
0.768187500
0.773875000
0.779562500
0.785250000
0.790875000
0.796562500
0.802187500
0.807750000
0.813375000
0.819000000
0.824625000
0.830187500
0.835812500
0.841437500
0.847062500
0.852687500
0.858375000
0.864000000
0.869687500
0.875375000
0.881125000
0.886875000
0.892625000
0.898312500
0.904062500
0.909750000
0.915500000
0.921187500
0.926937500
0.932687500
0.938375000
0.944125000
0.949812500
0.955562500
0.961250000
0.967000000
0.972750000
0.978500000
0.984187500
0.989937500
0.995687500
1.001437500
1.007187500
1.013125000
1.019375000
1.257875000
1.263500000
1.269187500
1.274937500
1.280625000
1.286375000
1.292187500
1.298000000
1.303875000
1.309812500
1.315750000
1.321687500
1.327687500
1.333687500
1.339750000
1.345750000
1.351812500
1.357875000
1.363875000
1.369937500
1.375937500
1.381937500
1.387937500
1.393937500
1.399937500
1.405937500
1.411937500
1.417937500
1.423937500
1.430000000
1.436187500
1.442312500
1.448875000
1.493500000
1.498500000
1.504375000
1.510250000
1.516062500
1.521937500
1.527812500
1.533812500
1.539750000
1.545750000
1.551812500
1.557875000
1.563937500
1.570000000
1.575937500
1.581937500
1.588000000
1.594062500
1.600125000
1.606187500
1.612250000
1.618375000
1.624437500
1.630562500
1.636687500
1.642812500
1.649000000
1.655187500
1.661250000
1.667437500
1.673875000
1.812625000
1.817937500
1.823562500
1.829312500
1.835125000
1.840937500
1.846812500
1.852750000
1.858687500
1.864625000
1.870625000
1.876625000
1.882625000
1.888750000
1.894812500
1.900937500
1.907125000
1.913312500
1.919437500
1.925625000
1.931875000
1.938187500
1.944500000
1.950812500
1.957250000
1.963625000
1.970000000
1.976437500
1.982875000
1.989250000
1.995687500
2.002187500
2.008687500
2.015125000
2.021687500
2.028187500
2.034750000
2.041125000
2.047625000
2.054062500
2.060500000
2.067000000
2.073625000
2.080562500
2.087687500
