0.221238
0.226112
0.231113
0.236175
0.241237
0.246488
0.252113
0.378613
0.383175
0.387800
0.392488
0.397113
0.401738
0.406300
0.410925
0.415488
0.420113
0.424738
0.429363
0.433988
0.438675
0.443300
0.447925
0.452488
0.457050
0.461550
0.466050
0.470488
0.474988
0.479425
0.483925
0.488363
0.492800
0.497300
0.501738
0.506175
0.510550
0.514925
0.519300
0.523675
0.528050
0.532363
0.536737
0.541050
0.545425
0.549737
0.554050
0.558425
0.562800
0.567175
0.571550
0.575925
0.580300
0.584738
0.589175
0.593612
0.598113
0.602613
0.607175
0.611675
0.616237
0.620800
0.625363
0.629925
0.634487
0.639112
0.643675
0.648238
0.652800
0.657363
0.661988
0.666613
0.671425
0.676300
0.681362
0.686550
0.691863
0.697300
0.702800
0.708238
0.713675
0.718988
0.724237
0.729363
0.734363
0.739425
0.744425
0.749487
0.754550
0.759613
0.764738
0.769800
0.774863
0.779988
0.785050
0.790238
0.795362
0.800488
0.805675
0.810800
0.815987
0.821238
0.826488
0.831738
0.836988
0.842237
0.847612
0.852925
0.858237
0.863675
0.869050
0.874487
0.879988
0.885487
0.890925
0.896487
0.902300
0.908613
1.010675
1.015988
1.021988
1.027800
1.033738
1.040050
1.184238
1.189113
1.194363
1.199800
1.205238
1.210800
1.216363
1.221988
1.227613
1.233300
1.238988
1.244675
1.250363
1.256050
1.261675
1.267300
1.272925
1.278550
1.284175
1.289862
1.295550
1.301300
1.307363
1.508238
1.513613
1.519113
1.524612
1.530113
1.535675
1.541238
1.546800
1.552425
1.558050
1.563675
1.569363
1.575112
1.580863
1.586675
1.592488
1.598300
1.604050
1.609800
1.615550
1.621238
1.626925
1.632613
1.638300
1.644238
1.723050
1.727488
1.733113
1.738738
1.744488
1.750238
1.756050
1.761988
1.768238
1.775050
1.782175
1.863050
1.868925
1.875238
1.881613
1.887987
1.894300
1.900675
1.907113
1.913425
1.919738
1.926050
1.932363
1.938613
1.944862
1.951113
1.957300
1.963550
1.969737
1.975925
1.982175
1.988300
1.994550
2.000800
2.007112
2.013550
