0.081000000
0.215750000
0.220812500
0.226500000
0.231937500
0.237312500
0.242562500
0.247812500
0.253062500
0.258312500
0.263562500
0.268750000
0.274000000
0.279187500
0.284312500
0.289375000
0.294375000
0.299375000
0.304375000
0.309500000
0.315187500
0.422500000
0.426875000
0.431312500
0.435812500
0.440437500
0.445437500
0.450625000
0.455875000
0.461375000
0.466875000
0.472562500
0.478250000
0.484062500
0.516812500
0.520875000
0.526000000
0.531250000
0.536562500
0.542000000
0.547500000
0.553062500
0.558687500
0.564375000
0.570187500
0.576000000
0.581875000
0.587812500
0.593687500
0.599625000
0.605562500
0.611562500
0.617562500
0.623562500
0.629500000
0.635562500
0.641500000
0.647562500
0.653625000
0.659625000
0.665500000
0.671312500
0.677125000
0.683000000
0.689062500
1.118750000
1.124187500
1.129812500
1.135375000
1.141000000
1.146562500
1.152187500
1.157812500
1.163375000
1.169062500
1.174625000
1.180250000
1.185937500
1.191562500
1.197312500
1.203062500
1.208937500
1.214812500
1.220750000
1.226687500
1.232687500
1.238562500
1.244437500
1.250187500
1.255937500
1.261625000
1.267312500
1.273000000
1.278687500
1.284312500
1.290062500
1.295750000
1.301437500
1.307187500
1.312937500
1.318625000
1.324437500
1.330250000
1.336062500
1.341812500
1.347625000
1.353437500
1.359250000
1.365125000
1.371000000
1.376875000
1.382812500
1.388812500
1.394750000
1.400750000
1.406812500
1.412937500
1.419062500
1.425125000
1.431187500
1.437250000
1.443375000
1.449437500
1.455562500
1.461687500
1.467562500
1.473312500
1.479187500
1.485062500
1.491000000
1.497125000
1.596812500
1.602250000
1.607687500
1.613187500
1.618750000
1.624375000
1.630062500
1.635875000
1.642187500
1.741562500
1.746062500
1.751500000
1.756937500
1.762500000
1.768062500
1.773812500
1.779500000
1.785250000
1.791000000
1.796812500
1.802625000
1.808437500
1.814187500
1.820062500
1.825875000
1.831625000
1.837437500
1.843187500
1.848937500
1.854687500
1.860375000
1.866187500
1.871875000
1.877625000
1.883312500
1.889062500
1.894750000
1.900500000
1.906250000
1.912000000
1.917750000
1.923500000
1.929312500
1.935125000
1.940937500
1.946750000
1.952500000
1.958312500
1.964125000
1.969937500
1.975687500
1.981562500
1.987375000
1.993187500
1.999062500
2.004875000
2.010687500
2.016437500
2.022187500
2.028000000
2.033937500
2.040625000
2.196625000
2.201312500
2.207187500
2.213062500
2.219125000
2.225187500
2.231375000
2.237437500
2.243687500
2.249812500
2.255875000
2.261937500
2.268000000
2.274062500
2.280250000
2.286937500
2.390062500
2.395875000
2.402125000
2.408312500
2.414500000
2.420750000
2.426937500
2.433250000
2.439562500
2.445875000
2.452250000
2.458562500
2.464937500
2.471250000
2.477562500
2.483875000
2.490250000
2.496562500
2.503000000
2.509375000
2.515812500
2.522312500
2.528812500
2.535312500
2.541875000
2.548437500
2.555000000
2.561625000
2.568187500
2.574687500
2.581312500
2.587812500
2.594312500
2.600750000
2.607125000
2.613562500
2.619937500
2.626375000
2.632812500
2.639375000
2.646312500
