0.224687500	
0.229687500	
0.235062500	
0.240125000	
0.245125000	
0.250250000	
0.255437500	
0.260437500	
0.265500000	
0.270687500	
0.276000000	
0.281062500	
0.286250000	
0.291250000	
0.296500000	
0.301562500	
0.306687500	
0.311937500	
0.317062500	
0.322312500	
0.327812500	
0.333375000	
0.338875000	
0.344375000	
0.349687500	
0.355000000	
0.360312500	
0.365625000	
0.370875000	
0.376250000	
0.381625000	
0.386937500	
0.392250000	
0.397500000	
0.402750000	
0.407750000	
0.413062500	
0.417937500	
0.423250000	
0.428062500	
0.433312500	
0.438312500	
0.443312500	
0.448187500	
0.453250000	
0.458187500	
0.463062500	
0.467937500	
0.472875000	
0.477562500	
0.482437500	
0.487250000	
0.492000000	
0.496750000	
0.501312500	
0.506062500	
0.510750000	
0.515375000	
0.520000000	
0.524625000	
0.529125000	
0.533812500	
0.538562500	
0.543500000	
0.548625000	
0.553625000	
0.558812500	
0.564125000	
0.569437500	
0.574750000	
0.580187500	
0.585812500	
0.591187500	
0.596437500	
0.601375000	
0.606312500	
0.611312500	
0.616375000	
0.621312500	
0.626000000	
0.630812500	
0.635375000	
0.640000000	
0.644500000	
0.649062500	
0.653562500	
0.658000000	
0.662375000	
0.666875000	
0.671437500	
0.675812500	
0.680437500	
0.685062500	
0.689750000	
0.694437500	
0.699062500	
0.703562500	
0.708312500	
0.713125000	
0.717812500	
0.722687500	
0.727312500	
0.732187500	
0.737000000	
0.741750000	
0.746812500	
0.751625000	
0.756562500	
0.761812500	
0.767062500	
0.772500000	
0.777875000	
0.783562500	
0.789000000	
0.794562500	
0.800125000	
0.805437500	
0.810875000	
0.816250000	
0.821562500	
0.826562500	
0.831937500	
0.837125000	
0.842312500	
0.847625000	
0.853187500	
0.858437500	
0.863937500	
0.869312500	
0.874812500	
0.880062500	
0.885437500	
0.891000000	
0.896312500	
0.901750000	
0.907125000	
0.912375000	
0.917812500	
0.923125000	
0.928625000	
0.934062500	
0.939687500	
0.945812500	
1.043687500	
1.048687500	
1.053875000	
1.059187500	
1.064312500	
1.069687500	
1.074812500	
1.080375000	
1.085750000	
1.090875000	
1.096312500	
1.101625000	
1.107062500	
1.112437500	
1.117812500	
1.123187500	
1.128750000	
1.134437500	
1.140000000	
1.145687500	
1.151187500	
1.157000000	
1.162312500	
1.168000000	
1.173687500	
1.179437500	
1.185062500	
1.190687500	
1.196312500	
1.201937500	
1.207687500	
1.213312500	
1.219000000	
1.224625000	
1.230437500	
1.236062500	
1.241750000	
1.247437500	
1.253125000	
1.258625000	
1.264375000	
1.270062500	
1.275750000	
1.281375000	
1.287062500	
1.292625000	
1.298187500	
1.303812500	
1.309437500	
1.315125000	
1.320687500	
1.326312500	
1.331937500	
1.337562500	
1.343062500	
1.348750000	
1.354437500	
1.360250000	
1.366062500	
1.372125000	
1.378187500	
1.384312500	
1.390250000	
1.395937500	
1.401437500	
1.407125000	
1.412687500	
1.418250000	
1.423812500	
1.429437500	
1.434937500	
1.440562500	
1.446062500	
1.451687500	
1.457187500	
1.462500000	
1.468000000	
1.473562500	
1.479000000	
1.484312500	
1.489687500	
1.495125000	
1.500500000	
1.506125000	
1.512562500	
1.627125000	
1.631687500	
1.637375000	
1.642625000	
1.648562500	
1.654062500	
1.660000000	
1.666312500	
1.795750000	
1.800375000	
1.805625000	
1.810937500	
1.816375000	
1.821937500	
1.827687500	
1.833375000	
1.839125000	
1.844875000	
1.850500000	
1.856250000	
1.862125000	
1.867937500	
1.873750000	
1.879437500	
1.885250000	
1.891125000	
1.896875000	
1.902687500	
1.908562500	
1.914250000	
1.920312500	
1.926000000	
1.931875000	
1.937750000	
1.943625000	
1.949437500	
1.955125000	
1.960937500	
1.966687500	
1.972187500	
1.977812500	
1.983625000	
1.989125000	
1.994750000	
2.000375000	
2.005937500	
2.011437500	
2.016875000	
2.022375000	
2.027812500	
2.033187500	
2.038500000	
2.043812500	
2.049062500	
2.054437500	
2.059562500	
2.064750000	
2.069937500	
2.075187500	
2.080250000	
2.085375000	
2.090437500	
2.095625000	
2.100937500	
2.106187500	
2.111687500	
2.117437500	
2.121312500	
2.176437500	
2.186875000	
2.193000000	
2.197937500	
2.203500000	
2.208875000	
2.214562500	
2.219875000	
2.225375000	
2.230750000	
2.236312500	
2.241812500	
2.247500000	
2.253125000	
2.258812500	
2.264500000	
2.270000000	
2.275625000	
2.281312500	
2.287000000	
2.292500000	
2.298250000	
2.303875000	
2.309562500	
2.315250000	
2.320750000	
2.326437500	
2.332250000	
2.337812500	
2.343562500	
2.349125000	
2.354750000	
2.360500000	
2.366312500	
2.372187500	
2.378000000	
2.383812500	
2.389750000	
2.395562500	
2.401437500	
2.407312500	
2.413187500	
2.419125000	
2.425062500	
2.430937500	
2.436875000	
2.442875000	
2.448687500	
2.454625000	
2.460562500	
2.466500000	
2.472437500	
2.478437500	
2.484500000	
2.490375000	
2.496437500	
2.502500000	
2.508500000	
2.514500000	
2.520500000	
2.526500000	
2.532625000	
2.538750000	
2.544687500	
2.550750000	
2.556875000	
2.562937500	
2.569000000	
2.575062500	
2.581125000	
2.586750000	
2.592812500	
2.598687500	
2.604812500	
2.610875000	
2.617125000	
2.623187500	
