0.094812500
0.218875000
0.224250000
0.230000000
0.235562500
0.241000000
0.246500000
0.252000000
0.257500000
0.262937500
0.268375000
0.273875000
0.279312500
0.284812500
0.290312500
0.295812500
0.301375000
0.306812500
0.312375000
0.317875000
0.323437500
0.329000000
0.334625000
0.340375000
0.346375000
0.452812500
0.457812500
0.462750000
0.467750000
0.472687500
0.477625000
0.482625000
0.487687500
0.492812500
0.497937500
0.503187500
0.508375000
0.513625000
0.518937500
0.524187500
0.529500000
0.534812500
0.540125000
0.545375000
0.550625000
0.555937500
0.561125000
0.566375000
0.571562500
0.576750000
0.581875000
0.587000000
0.592062500
0.597187500
0.602187500
0.607125000
0.612062500
0.617000000
0.621875000
0.626687500
0.631500000
0.636250000
0.641000000
0.645750000
0.650500000
0.655250000
0.660000000
0.664687500
0.669437500
0.674187500
0.678937500
0.683687500
0.688500000
0.693375000
0.698312500
0.703312500
0.708375000
0.713500000
0.718625000
0.723750000
0.728937500
0.734125000
0.739250000
0.744437500
0.749500000
0.754625000
0.759812500
0.764937500
0.770125000
0.775312500
0.780500000
0.785750000
0.790937500
0.796250000
0.801500000
0.806812500
0.812312500
0.817875000
0.823562500
0.829500000
0.835625000
0.842000000
0.848750000
0.882937500
0.888375000
0.894125000
0.899875000
0.905375000
0.910875000
0.916312500
0.921687500
0.927125000
0.932687500
0.938250000
0.943875000
0.949500000
0.955187500
0.960875000
0.966625000
0.972375000
0.978125000
0.983937500
0.989750000
0.995562500
1.001437500
1.007375000
1.013375000
1.019375000
1.025437500
1.031437500
1.037562500
1.043687500
1.049812500
1.056000000
1.062062500
1.068187500
1.074312500
1.080312500
1.086375000
1.092375000
1.098437500
1.104375000
1.110312500
1.116250000
1.122187500
1.128250000
1.134500000
1.140750000
1.147000000
1.153250000
1.159437500
1.165562500
1.171562500
1.177437500
1.183250000
1.188875000
1.194500000
1.200062500
1.205625000
1.211125000
1.216562500
1.222062500
1.227562500
1.233000000
1.238500000
1.244000000
1.249500000
1.255000000
1.260500000
1.266062500
1.271625000
1.277312500
1.283125000
1.409625000
1.415000000
1.420625000
1.426312500
1.432062500
1.437875000
1.443750000
1.449625000
1.455562500
1.461437500
1.467375000
1.473312500
1.479250000
1.485187500
1.491125000
1.497125000
1.503125000
1.509125000
1.515187500
1.521250000
1.527250000
1.533375000
1.539375000
1.545375000
1.551375000
1.557375000
1.563437500
1.569437500
1.575500000
1.581562500
1.587625000
1.593687500
1.599687500
1.605687500
1.611750000
1.617750000
1.623750000
1.629812500
1.635937500
1.642000000
1.648187500
1.654375000
1.660500000
1.666687500
1.672812500
1.679000000
1.685250000
1.691500000
1.697812500
1.704187500
1.710500000
1.716937500
1.723250000
1.729687500
1.736062500
1.742437500
1.748812500
1.755250000
1.761625000
1.768062500
1.774437500
1.780812500
1.787562500
1.919625000
1.925687500
1.931875000
1.938187500
1.944500000
1.950875000
1.957312500
1.963812500
1.970312500
1.976750000
1.983250000
1.989750000
1.996250000
2.002750000
2.009250000
2.015687500
2.022187500
2.028625000
2.035125000
2.041562500
2.048125000
2.054562500
2.061125000
2.067625000
2.074062500
2.080437500
2.086875000
2.093250000
2.099625000
2.106000000
2.112437500
2.118812500
2.125187500
2.131562500
2.138062500
2.144562500
2.151187500
2.157875000
2.164625000
2.171312500
2.178062500
2.184875000
