0.247125
0.252
0.257
0.262
0.267125
0.27225
0.2774375
0.2826875
0.288
0.2933125
0.2986875
0.304125
0.309625
0.31525
0.3206875
0.3263125
0.331875
0.337375
0.343
0.3484375
0.3540625
0.3595
0.3650625
0.3704375
0.3759375
0.38125
0.3865
0.3918125
0.3969375
0.402125
0.4071875
0.4123125
0.4173125
0.422375
0.4273125
0.43225
0.437125
0.442125
0.4470625
0.45175
0.456625
0.4613125
0.4661875
0.471
0.476
0.4808125
0.48575
0.4906875
0.4956875
0.50075
0.505875
0.5110625
0.5161875
0.5214375
0.5266875
0.531875
0.537125
0.5415625
0.5463125
0.5509375
0.5558125
0.5605
0.5655
0.570375
0.5755
0.5803125
0.5855
0.5904375
0.595625
0.6004375
0.6055
0.6105625
0.615625
0.62075
0.6258125
0.6309375
0.6360625
0.6411875
0.646375
0.6515625
0.6568125
0.6620625
0.667375
0.672625
0.678
0.683375
0.68875
0.69425
0.7001875
0.7063125
0.7114375
0.7166875
0.7219375
0.727375
0.7328125
0.7383125
0.74375
0.74925
0.75475
0.7601875
0.765625
0.771
0.7764375
0.781875
0.78725
0.792625
0.798
0.803375
0.8086875
0.814
0.8193125
0.8245625
0.8298125
0.8350625
0.8403125
0.8455
0.8506875
0.855875
0.86125
0.8668125
0.87225
0.87775
0.883
0.8881875
0.8931875
0.89825
0.9030625
0.9080625
0.9128125
0.91775
0.9225625
0.92725
0.9321875
0.936875
0.9418125
0.9466875
0.952375
1.082125
1.086625
1.0915
1.096625
1.1016875
1.106875
1.112125
1.1174375
1.1226875
1.128
1.133375
1.13875
1.144125
1.1495
1.154875
1.16025
1.1656875
1.1710625
1.1765
1.1819375
1.187375
1.192875
1.1983125
1.2038125
1.2093125
1.214875
1.2205625
1.2263125
1.2321875
1.23875
1.2958125
1.3005
1.305875
1.311125
1.3164375
1.3218125
1.327125
1.3324375
1.33775
1.3430625
1.3483125
1.3535
1.3588125
1.3641875
1.51625
1.5205
1.525375
1.530375
1.5351875
1.54025
1.5450625
1.550125
1.555
1.5599375
1.565
1.5699375
1.5749375
1.58
1.585
1.5900625
1.595125
1.6001875
1.60525
1.6103125
1.615375
1.6205
1.625625
1.63075
1.636
1.7368125
1.7413125
1.7460625
1.751
1.7560625
1.761125
1.76625
1.7714375
1.776625
1.7819375
1.7871875
1.7925
1.7978125
1.8031875
1.8085625
1.8139375
1.8193125
1.82475
1.8301875
1.835625
1.8410625
1.8465625
1.852125
1.8576875
1.8631875
1.86875
1.874375
1.8800625
1.88575
1.8914375
1.897125
1.9026875
1.9085
1.914
1.91975
1.9254375
1.931125
1.9366875
1.9424375
1.9480625
1.953625
1.959375
1.965125
1.9706875
1.9764375
1.982
1.9878125
1.9934375
1.9990625
2.0048125
2.0105625
2.01625
2.022
2.028125