0.224000000
0.229562500
0.235062500
0.240312500
0.245562500
0.250875000
0.256187500
0.261500000
0.266875000
0.272250000
0.277750000
0.283187500
0.288687500
0.294187500
0.299750000
0.305312500
0.310812500
0.316312500
0.321937500
0.327500000
0.333000000
0.338562500
0.344062500
0.349625000
0.355187500
0.360750000
0.366187500
0.371875000
0.377375000
0.382937500
0.388500000
0.394187500
0.399687500
0.405187500
0.410625000
0.416125000
0.421500000
0.426875000
0.432187500
0.437437500
0.442687500
0.447937500
0.453125000
0.458312500
0.463437500
0.468500000
0.473562500
0.478625000
0.483625000
0.488687500
0.493687500
0.499000000
0.504062500
0.509312500
0.514750000
0.520312500
0.526500000
0.533562500
0.539062500
0.548500000
0.557687500
0.562812500
0.571875000
0.577562500
0.584062500
0.589937500
0.595812500
0.601437500
0.606875000
0.612437500
0.617875000
0.623375000
0.628875000
0.634312500
0.639687500
0.645312500
0.650937500
0.656750000
0.799125000
0.804187500
0.809750000
0.815250000
0.820687500
0.826187500
0.831812500
0.837187500
0.842812500
0.848500000
0.854250000
0.860125000
0.866187500
0.872312500
0.878500000
0.884687500
0.891062500
0.897250000
0.903187500
0.909000000
0.914875000
0.920687500
0.926187500
0.932000000
0.937437500
0.943062500
0.948562500
0.954062500
0.959625000
0.965250000
0.970937500
0.976625000
0.982312500
0.988312500
0.994187500
1.000062500
1.005937500
1.011875000
1.017812500
1.023750000
1.029687500
1.035625000
1.041562500
1.047562500
1.053500000
1.059562500
1.065562500
1.071625000
1.077750000
1.083875000
1.090000000
1.096187500
1.102312500
1.108562500
1.114750000
1.121000000
1.127125000
1.133375000
1.139562500
1.145812500
1.152062500
1.158312500
1.164625000
1.170937500
1.177312500
1.183625000
1.189937500
1.196312500
1.202687500
1.209062500
1.215437500
1.221750000
1.228125000
1.234500000
1.240937500
1.247312500
1.253687500
1.260125000
1.266562500
1.272937500
1.279375000
1.285750000
1.292187500
1.298500000
1.304875000
1.310937500
1.317187500
1.323187500
1.329437500
1.335500000
1.341812500
1.348437500
1.407687500
1.416750000
1.431000000
1.458375000
1.474375000
1.483187500
1.490500000
1.497000000
1.503187500
1.509687500
1.516250000
1.522750000
1.529187500
1.535687500
1.542125000
1.548625000
1.555125000
1.561562500
1.568000000
1.574500000
1.580937500
1.587375000
1.593750000
1.600125000
1.606437500
1.612750000
1.619062500
1.625437500
1.631750000
1.638125000
1.644500000
1.650812500
1.657000000
1.663250000
1.669625000
1.676187500
1.682500000
1.688750000
1.695062500
1.701312500
1.707562500
1.713875000
1.720187500
1.726562500
1.733000000
1.739500000
1.746062500
1.752625000
1.759187500
1.765812500
1.772375000
1.779000000
1.785625000
1.792312500
1.799062500
1.805687500
1.812437500
1.819125000
1.825812500
1.832687500
1.839500000
1.846312500
1.853187500
1.860312500
1.867250000
1.874187500
1.881250000
1.888125000
1.895500000
1.908500000
1.913375000
1.918500000
