0.112375000
0.221500000
0.227000000
0.232437500
0.237875000
0.243250000
0.248562500
0.253875000
0.259187500
0.264562500
0.269875000
0.275312500
0.280687500
0.286062500
0.291437500
0.296875000
0.302312500
0.307750000
0.313250000
0.318625000
0.324062500
0.329625000
0.335000000
0.340437500
0.345812500
0.351250000
0.356750000
0.362125000
0.367562500
0.373062500
0.378500000
0.383937500
0.389375000
0.394812500
0.400187500
0.405625000
0.411000000
0.416312500
0.421687500
0.427000000
0.432312500
0.437687500
0.443000000
0.448312500
0.453562500
0.458812500
0.464062500
0.469312500
0.474625000
0.479875000
0.485062500
0.490312500
0.495562500
0.500750000
0.505875000
0.511062500
0.516187500
0.521250000
0.526250000
0.531250000
0.536250000
0.541250000
0.546187500
0.551125000
0.556062500
0.561000000
0.565937500
0.570937500
0.575937500
0.581000000
0.586187500
0.591375000
0.596687500
0.602062500
0.607562500
0.613187500
0.619000000
0.624875000
0.630812500
0.636812500
0.642875000
0.648812500
0.654687500
0.660500000
0.666250000
0.671937500
0.677687500
0.683375000
0.689125000
0.694937500
0.700750000
0.706562500
0.712312500
0.718125000
0.723937500
0.729812500
0.735625000
0.741500000
0.747375000
0.753312500
0.759187500
0.765125000
0.771000000
0.776937500
0.782875000
0.788812500
0.794750000
0.800625000
0.806562500
0.812500000
0.818437500
0.824375000
0.830187500
0.836062500
0.841937500
0.847812500
0.853750000
0.859625000
0.865562500
0.871437500
0.877375000
0.883312500
0.889250000
0.895187500
0.901187500
0.907125000
0.913062500
0.919125000
0.925187500
0.931250000
0.937312500
0.943375000
0.949437500
0.955750000
0.962062500
0.968437500
0.975062500
0.981812500
0.988750000
0.995875000
1.003250000
1.048937500
1.054937500
1.061187500
1.067562500
1.073937500
1.080312500
1.086687500
1.093125000
1.099562500
1.106000000
1.112437500
1.118812500
1.125312500
1.131812500
1.138375000
1.144812500
1.151375000
1.157875000
1.164375000
1.170875000
1.177375000
1.183875000
1.190375000
1.196875000
1.203375000
1.209812500
1.216312500
1.222875000
1.229687500
1.236375000
1.243625000
1.350187500
1.356437500
1.362625000
1.368812500
1.375000000
1.381312500
1.387625000
1.394000000
1.400687500
1.407875000
1.517687500
1.523562500
1.529875000
1.536375000
1.542937500
1.549562500
1.556250000
1.562875000
1.569500000
1.576187500
1.582937500
1.589625000
1.596375000
1.603125000
1.609875000
1.616750000
1.623500000
1.630750000
1.810937500
1.817562500
1.824187500
1.831062500
1.838000000
1.845062500
1.852062500
1.859000000
1.866062500
1.873062500
1.880062500
1.887125000
1.894125000
1.901187500
1.908250000
1.916062500
