0.223625000
0.229062500
0.234062500
0.239062500
0.244125000
0.249250000
0.254312500
0.259375000
0.264375000
0.269500000
0.274625000
0.279750000
0.284937500
0.290125000
0.295250000
0.300437500
0.305750000
0.310875000
0.316125000
0.321375000
0.326625000
0.331875000
0.337187500
0.342500000
0.347812500
0.353062500
0.358312500
0.363750000
0.369250000
0.374750000
0.380250000
0.386000000
0.391500000
0.397312500
0.403000000
0.408750000
0.414500000
0.420312500
0.426062500
0.431875000
0.437625000
0.443437500
0.449187500
0.454937500
0.460625000
0.466375000
0.472062500
0.477750000
0.483500000
0.489187500
0.494875000
0.500562500
0.506187500
0.511812500
0.517500000
0.523062500
0.528562500
0.534062500
0.539562500
0.544937500
0.550312500
0.555625000
0.561000000
0.566250000
0.571500000
0.576625000
0.581875000
0.587000000
0.592125000
0.597312500
0.602375000
0.607312500
0.612312500
0.617375000
0.622312500
0.627375000
0.632375000
0.637500000
0.642500000
0.647562500
0.652687500
0.657937500
0.663562500
0.748187500
0.753375000
0.758937500
0.764437500
0.770000000
0.775437500
0.780812500
0.786187500
0.791625000
0.797000000
0.802500000
0.807875000
0.813312500
0.818750000
0.824250000
0.829687500
0.835250000
0.840937500
0.846375000
0.851875000
0.857375000
0.863000000
0.868562500
0.874125000
0.879750000
0.885437500
0.891125000
0.896812500
0.902500000
0.908250000
0.914437500
0.920312500
0.926187500
0.932062500
0.937750000
0.943687500
0.949500000
0.955562500
0.961500000
0.967437500
0.973437500
0.979500000
0.985500000
0.991562500
0.997625000
1.003687500
1.009750000
1.015750000
1.021750000
1.027812500
1.033812500
1.039750000
1.045562500
1.051437500
1.057437500
1.063500000
1.069375000
1.075250000
1.081187500
1.086875000
1.092750000
1.098500000
1.104312500
1.110125000
1.115937500
1.121750000
1.127562500
1.133437500
1.139375000
1.145437500
1.151437500
1.157625000
1.163750000
1.170187500
1.176562500
1.183062500
1.189500000
1.195812500
1.201937500
1.207937500
1.213937500
1.219687500
1.225625000
1.231562500
1.237562500
1.243500000
1.249500000
1.255437500
1.261375000
1.267562500
1.273625000
1.279687500
1.285750000
1.291812500
1.298000000
1.304062500
1.310125000
1.316187500
1.322187500
1.328250000
1.334250000
1.340312500
1.346312500
1.352375000
1.358375000
1.364312500
1.370250000
1.376062500
1.382000000
1.387812500
1.393750000
1.399687500
1.405562500
1.411437500
1.417250000
1.423062500
1.428875000
1.434812500
1.441062500
1.583875000
1.588750000
1.594312500
1.599937500
1.605562500
1.611250000
1.616937500
1.622750000
1.628687500
1.634687500
1.640750000
1.647062500
1.653062500
1.659437500
1.665562500
1.671875000
1.678125000
1.684562500
1.691125000
1.697500000
1.704187500
1.710687500
1.717125000
1.723687500
1.730125000
1.736812500
1.743500000
1.750125000
1.757125000
1.765250000
1.768812500
