0.228187500	
0.233125000	
0.238375000	
0.243375000	
0.248625000	
0.253750000	
0.259000000	
0.264187500	
0.269500000	
0.274625000	
0.279875000	
0.285375000	
0.290812500	
0.296812500	
0.303687500	
0.311250000	
0.327687500	
0.341750000	
0.349125000	
0.353500000	
0.359500000	
0.365000000	
0.370375000	
0.375812500	
0.381250000	
0.386500000	
0.392125000	
0.397625000	
0.403125000	
0.408437500	
0.413937500	
0.419500000	
0.425062500	
0.430687500	
0.436500000	
0.442750000	
0.448937500	
0.455187500	
0.461625000	
0.468375000	
0.474500000	
0.480437500	
0.487000000	
0.492750000	
0.498500000	
0.503687500	
0.508937500	
0.514937500	
0.520687500	
0.526687500	
0.532375000	
0.538000000	
0.543625000	
0.549062500	
0.554812500	
0.560500000	
0.566187500	
0.571812500	
0.577500000	
0.583500000	
0.589125000	
0.594750000	
0.600625000	
0.606375000	
0.612062500	
0.617875000	
0.623562500	
0.629312500	
0.634687500	
0.640187500	
0.645562500	
0.651125000	
0.656500000	
0.662000000	
0.667312500	
0.672500000	
0.677687500	
0.682875000	
0.688250000	
0.693812500	
0.699062500	
0.704750000	
0.710250000	
0.716125000	
0.721500000	
0.740750000	
0.765187500	
0.784250000	
0.788937500	
0.794562500	
0.799750000	
0.804812500	
0.810125000	
0.815437500	
0.820562500	
0.825875000	
0.830875000	
0.836375000	
0.841687500	
0.847125000	
0.852375000	
0.857812500	
0.863187500	
0.868937500	
0.874687500	
0.879937500	
0.885437500	
0.890875000	
0.896437500	
0.902000000	
0.907625000	
0.913375000	
0.918875000	
0.924500000	
0.930125000	
0.935812500	
0.941687500	
0.947250000	
0.953187500	
0.958937500	
0.964812500	
0.970500000	
0.976250000	
0.982062500	
0.987750000	
0.993437500	
0.999375000	
1.005125000	
1.010875000	
1.016500000	
1.022437500	
1.027937500	
1.033750000	
1.039625000	
1.045187500	
1.050937500	
1.056625000	
1.062250000	
1.067937500	
1.073562500	
1.079062500	
1.084687500	
1.090687500	
1.096750000	
1.102937500	
1.109312500	
1.116625000	
1.209625000	
1.215062500	
1.221000000	
1.226875000	
1.232562500	
1.238125000	
1.244125000	
1.250000000	
1.255562500	
1.261312500	
1.266937500	
1.272750000	
1.278625000	
1.284437500	
1.290500000	
1.296187500	
1.302187500	
1.308312500	
1.314000000	
1.320125000	
1.326375000	
1.332312500	
1.338687500	
1.344875000	
1.351125000	
1.357250000	
1.363500000	
1.369750000	
1.375812500	
1.382000000	
1.388062500	
1.394375000	
1.400500000	
1.406750000	
1.412875000	
1.418937500	
1.425062500	
1.431125000	
1.437000000	
1.442937500	
1.449062500	
1.455000000	
1.461562500	
1.467562500	
1.596250000	
1.727750000	
1.732375000	
1.738000000	
1.743625000	
1.749250000	
1.754625000	
1.760187500	
1.765812500	
1.771250000	
1.776875000	
1.782625000	
1.788062500	
1.794062500	
1.799750000	
1.805812500	
1.811500000	
1.817687500	
1.823937500	
1.836062500	
1.856937500	
1.871875000	
1.876187500	
1.880437500	
1.887875000	
1.892250000	
1.898750000	
1.904437500	
1.910125000	
1.915750000	
1.921875000	
1.927375000	
1.933125000	
1.938937500	
1.944687500	
1.950437500	
1.956062500	
1.961812500	
1.967625000	
1.973375000	
1.979062500	
1.984937500	
1.990562500	
1.996187500	
2.001937500	
2.007750000	
2.013500000	
2.019187500	
2.025000000	
2.030750000	
2.036437500	
2.042437500	
2.048187500	
2.053875000	
2.059750000	
2.065812500	
2.071500000	
2.077375000	
2.083000000	
2.089000000	
2.095000000	
2.100500000	
2.106250000	
2.112125000	
2.117750000	
2.124125000	
2.132375000	
2.138625000	
2.273000000	
2.278625000	
2.284750000	
2.290375000	
2.296125000	
2.301750000	
2.307875000	
2.313375000	
2.319250000	
2.325250000	
2.331125000	
2.337375000	
2.343125000	
2.349000000	
2.355125000	
2.361000000	
2.367375000	
2.373500000	
2.379625000	
2.385875000	
2.392000000	
2.398000000	
2.404250000	
2.410375000	
2.416750000	
2.423250000	
2.429250000	
2.435625000	
2.441875000	
2.448250000	
2.454375000	
2.460625000	
2.467500000	
2.473500000	
2.479875000	
2.486375000	
2.492625000	
2.499000000	
2.505375000	
2.512000000	
2.518625000	
2.524750000	
2.531500000	
2.538000000	
2.544250000	
2.550625000	
2.556875000	
2.563500000	
2.569750000	
2.576000000	
2.582375000	
2.588375000	
2.594875000	
2.601125000	
2.607500000	
2.613750000	
2.620125000	
2.626625000	
2.633500000	
2.639500000	
2.646250000	
