0.225625000	
0.230625000	
0.235687500	
0.240812500	
0.245875000	
0.250812500	
0.255875000	
0.260875000	
0.265812500	
0.270937500	
0.275875000	
0.280937500	
0.285812500	
0.290937500	
0.296000000	
0.301062500	
0.306062500	
0.311125000	
0.316312500	
0.321437500	
0.326375000	
0.331500000	
0.336625000	
0.341750000	
0.346875000	
0.352125000	
0.357375000	
0.362500000	
0.367750000	
0.373062500	
0.378375000	
0.383625000	
0.389000000	
0.394250000	
0.399500000	
0.404687500	
0.409937500	
0.415125000	
0.420312500	
0.425562500	
0.430562500	
0.435750000	
0.440750000	
0.445875000	
0.450937500	
0.456000000	
0.461125000	
0.466437500	
0.602000000	
0.606000000	
0.610687500	
0.615312500	
0.619687500	
0.624250000	
0.628812500	
0.633250000	
0.638062500	
0.642687500	
0.647625000	
0.653312500	
0.815750000	
0.820125000	
0.824687500	
0.829187500	
0.833937500	
0.838500000	
0.843125000	
0.848000000	
0.852812500	
0.857562500	
0.862375000	
0.867187500	
0.872000000	
0.876875000	
0.881750000	
0.886687500	
0.891562500	
0.896437500	
0.901312500	
0.906187500	
0.911062500	
0.916062500	
0.920937500	
0.925750000	
0.930625000	
0.935500000	
0.940250000	
0.945250000	
0.950250000	
0.955500000	
0.960875000	
0.966062500	
0.971625000	
0.977187500	
0.982687500	
0.988187500	
0.993687500	
0.999312500	
1.004875000	
1.010375000	
1.015687500	
1.021062500	
1.026250000	
1.031687500	
1.037062500	
1.042687500	
1.048062500	
1.053875000	
1.059437500	
1.065125000	
1.070687500	
1.076437500	
1.082125000	
1.087625000	
1.093375000	
1.099062500	
1.104812500	
1.110437500	
1.116250000	
1.121750000	
1.127562500	
1.133187500	
1.138875000	
1.144687500	
1.150375000	
1.155937500	
1.161750000	
1.167437500	
1.173125000	
1.178875000	
1.184750000	
1.190500000	
1.196250000	
1.202125000	
1.208000000	
1.213875000	
1.219687500	
1.225500000	
1.231312500	
1.237125000	
1.243000000	
1.248750000	
1.254562500	
1.260312500	
1.266062500	
1.271875000	
1.277687500	
1.283375000	
1.289125000	
1.294875000	
1.300625000	
1.306312500	
1.312125000	
1.317687500	
1.323312500	
1.328875000	
1.334437500	
1.340000000	
1.345437500	
1.350937500	
1.356562500	
1.362000000	
1.367750000	
1.373250000	
1.379000000	
1.482250000	
1.486625000	
1.491812500	
1.497062500	
1.502437500	
1.507812500	
1.513250000	
1.518812500	
1.524250000	
1.529937500	
1.535500000	
1.541000000	
1.546625000	
1.552125000	
1.557687500	
1.563437500	
1.568875000	
1.574500000	
1.580187500	
1.585687500	
1.591375000	
1.597187500	
1.602687500	
1.608500000	
1.614562500	
1.620812500	
1.627375000	
1.633937500	
1.640312500	
1.646500000	
1.652875000	
1.658812500	
1.664687500	
1.670687500	
1.676500000	
1.682250000	
1.687937500	
1.693750000	
1.699500000	
1.705250000	
1.711187500	
1.717062500	
1.723062500	
1.728937500	
1.734812500	
1.740625000	
1.746562500	
1.752562500	
1.758500000	
1.764312500	
1.770250000	
1.776125000	
1.781937500	
1.787812500	
1.793750000	
1.799625000	
1.805562500	
1.811625000	
1.932875000	
1.938062500	
1.944125000	
1.950000000	
1.956125000	
1.962187500	
1.968437500	
1.974562500	
1.980812500	
1.987000000	
1.993250000	
1.999687500	
2.006000000	
2.012250000	
2.018562500	
2.024687500	
2.031125000	
2.037187500	
2.043500000	
2.049875000	
2.056062500	
2.062312500	
2.068750000	
2.075000000	
2.081500000	
