0.224500000
0.228625000
0.233937500
0.239062500
0.244187500
0.249312500
0.254437500
0.259562500
0.264687500
0.269812500
0.274937500
0.280125000
0.285312500
0.290500000
0.295687500
0.301000000
0.306250000
0.311562500
0.316937500
0.322312500
0.327687500
0.333125000
0.338500000
0.343937500
0.349375000
0.354812500
0.360187500
0.365625000
0.371000000
0.376375000
0.381812500
0.387187500
0.392562500
0.398000000
0.403375000
0.408812500
0.414312500
0.419750000
0.425312500
0.431000000
0.436812500
0.442812500
0.448875000
0.455125000
0.461125000
0.467000000
0.472687500
0.478437500
0.484062500
0.489625000
0.495125000
0.500562500
0.505937500
0.511375000
0.516812500
0.522250000
0.527687500
0.533125000
0.538562500
0.544062500
0.549500000
0.555062500
0.560562500
0.566125000
0.571687500
0.577250000
0.582875000
0.588437500
0.594000000
0.599562500
0.605125000
0.610687500
0.616250000
0.621750000
0.627250000
0.632687500
0.638125000
0.643750000
0.746312500
0.751000000
0.755812500
0.760687500
0.765562500
0.770437500
0.775312500
0.780250000
0.785125000
0.790062500
0.795000000
0.799937500
0.804875000
0.809812500
0.814812500
0.819750000
0.824750000
0.829687500
0.834687500
0.839687500
0.844687500
0.849875000
0.855250000
1.009750000
1.014250000
1.019250000
1.024250000
1.029250000
1.034375000
1.039500000
1.044625000
1.049812500
1.055000000
1.060187500
1.065437500
1.070687500
1.075937500
1.081250000
1.086562500
1.091875000
1.097250000
1.102562500
1.108000000
1.113375000
1.118812500
1.124312500
1.129812500
1.135375000
1.140937500
1.146500000
1.152062500
1.157687500
1.163250000
1.168875000
1.174562500
1.180250000
1.185937500
1.191687500
1.197500000
1.203375000
1.209312500
1.215312500
1.221187500
1.227250000
1.233250000
1.239312500
1.245375000
1.251500000
1.257687500
1.263875000
1.270000000
1.276125000
1.282187500
1.288250000
1.294250000
1.300500000
1.307000000
1.497812500
1.503125000
1.508937500
1.514812500
1.520687500
1.526562500
1.532437500
1.538375000
1.544500000
1.551312500
1.630812500
1.636062500
1.642000000
1.648062500
1.654062500
1.660125000
1.666125000
1.672187500
1.678312500
1.684437500
1.690562500
1.696812500
1.703000000
1.709187500
1.715437500
1.721687500
1.728000000
1.734250000
1.740500000
1.746812500
1.753062500
1.759312500
1.765625000
1.771937500
1.778187500
1.784437500
1.790687500
1.796937500
1.803187500
1.809500000
1.815750000
1.822062500
1.828312500
1.834625000
1.840812500
1.847125000
1.853375000
1.859625000
1.865875000
1.872125000
1.878375000
1.884687500
1.890937500
1.897187500
1.903437500
1.909687500
1.915937500
1.922125000
1.928375000
1.934562500
1.940812500
1.947000000
1.953187500
1.959312500
1.965437500
1.971562500
1.977562500
1.983562500
1.989500000
1.995375000
2.001187500
2.007000000
2.012750000
2.018375000
2.024000000
2.029562500
2.035062500
2.040562500
2.046187500
2.052000000
2.057750000
2.063625000
2.069625000
2.075812500
2.082062500
2.088625000
2.094937500
2.101000000
2.107000000
2.113125000
2.119187500
2.125250000
2.131250000
2.137187500
2.143062500
2.149062500
2.154875000
2.160812500
2.166562500
2.172312500
2.178125000
2.183875000
2.189625000
2.195437500
2.201375000
2.207312500
2.213250000
2.219250000
2.225250000
2.231250000
2.237312500
2.243375000
2.249437500
2.255562500
2.261625000
2.267687500
2.273812500
2.279875000
2.285937500
2.292000000
2.298062500
2.304187500
2.310250000
2.316375000
2.322437500
2.328500000
2.334625000
2.340625000
2.346625000
2.352687500
2.358687500
2.364687500
2.370625000
2.376625000
2.382625000
2.388562500
2.394562500
2.400500000
2.406437500
2.412375000
2.418312500
2.424187500
2.430125000
2.436187500
2.442375000
2.447625000
2.459562500
2.464562500
2.541312500
2.553437500
2.560250000
2.565625000
2.572000000
2.577937500
2.584000000
2.590000000
2.596000000
2.602062500
2.608062500
2.614187500
2.620250000
2.626375000
2.632500000
2.638687500
2.644937500
2.651187500
2.657437500
2.663750000
2.670062500
2.676312500
2.682500000
2.689125000
2.695937500
2.844187500
2.848750000
2.854937500
2.861250000
2.867687500
2.874187500
2.880687500
2.887250000
2.893812500
2.900437500
2.907000000
2.913500000
2.919937500
2.926375000
2.932875000
2.939375000
2.945937500
2.952375000
2.958875000
2.965375000
2.971937500
2.978500000
2.985187500
2.991937500
2.998750000
