0.229050
0.233925
0.239050
0.244050
0.249050
0.254050
0.259050
0.264113
0.269175
0.274238
0.279425
0.284488
0.289550
0.294613
0.299675
0.304737
0.309800
0.314863
0.319925
0.325050
0.330113
0.335175
0.340300
0.345425
0.350613
0.355800
0.361113
0.366363
0.371675
0.377050
0.382488
0.387925
0.393363
0.398925
0.404488
0.410050
0.415675
0.421300
0.426800
0.432363
0.437863
0.443238
0.448550
0.453863
0.459050
0.464113
0.469175
0.474050
0.478863
0.483613
0.488363
0.492925
0.497425
0.501925
0.506425
0.511112
0.677425
0.682175
0.687238
0.692238
0.697363
0.702425
0.707550
0.712675
0.717800
0.722988
0.728113
0.733300
0.738488
0.743675
0.748862
0.754113
0.759363
0.764550
0.769863
0.775112
0.780425
0.785737
0.791113
0.796488
0.801863
0.807238
0.812613
0.817987
0.823425
0.828800
0.834300
0.839738
0.845300
0.850988
0.856800
0.862613
0.868487
0.874425
0.880300
0.886175
0.892050
0.897925
0.903737
0.909488
0.915300
0.921113
0.926988
0.932800
0.938800
0.944675
0.950612
0.956863
1.113863
1.118800
1.124050
1.129300
1.134550
1.139863
1.145238
1.150675
1.156175
1.161675
1.167175
1.172738
1.178300
1.183863
1.189363
1.194862
1.200363
1.205863
1.211300
1.216738
1.222238
1.227988
1.403237
1.407675
1.412238
1.416738
1.421300
1.425800
1.430363
1.434925
1.439488
1.444050
1.448613
1.453175
1.457738
1.462300
1.466863
1.471425
1.475988
1.480488
1.485050
1.489613
1.494175
1.498738
1.503300
1.507800
1.512363
1.516863
1.521363
1.525925
1.530363
1.534863
1.539363
1.543800
1.548300
1.552800
1.557363
1.561988
1.566738
1.571738
1.650738
1.654925
1.659550
1.676238
1.679550
1.764238
1.771800
1.775988
1.782050
1.787613
1.793113
1.798675
1.804175
1.809738
1.815363
1.820925
1.826550
1.832238
1.837863
1.843550
1.849238
1.854988
1.860675
1.866362
1.872113
1.877863
1.883612
1.889300
1.895113
1.900863
1.906613
1.912425
1.918113
1.923863
1.929550
1.935300
1.941237
1.947488
2.064175
2.069800
2.075675
2.081425
2.087175
2.092862
2.098550
2.104238
2.109987
2.115800
2.121612
2.127362
2.133175
2.138987
2.144925
2.150738
2.156675
2.162612
2.168613
2.174612
2.180675
2.186925
2.193300
2.199675
2.206113
2.212487
2.218800
2.225050
2.231300
2.237613
2.243925
2.250363
2.256863
2.263362
2.269925
2.276675
2.283363
2.290113
2.296988
2.303863
2.310425
2.317862
2.642300
2.647550
2.653237
2.658925
2.664550
2.670237
2.675863
2.681613
2.687550
2.694113
2.699737
2.866363
2.870613
2.875675
2.880738
2.885863
2.891050
2.896175
2.901362
2.906550
2.911675
2.916800
2.921863
2.926988
2.932050
2.937113
2.942238
2.947425
2.952863
2.958363
2.964050
2.969863
2.975738
2.981800
2.987925
2.994300
3.001175
3.048488
3.053863
3.059550
3.065237
3.070863
3.076550
3.082238
3.087925
3.093612
3.099363
3.105113
3.110863
3.116675
3.122488
3.128363
3.134238
3.140112
3.146113
3.152112
3.158175
3.164300
3.170488
3.176738
3.182987
3.189300
3.195613
3.201988
3.208363
3.214738
3.220988
3.227175
3.233363
3.239425
3.245487
3.251613
3.257738
3.263987
3.270363
3.276737
3.283050
3.289425
3.295800
3.302237
3.308675
3.315175
3.321800
3.328425
3.335050
3.341675
3.348488
3.355113
3.361800
3.368425
3.375175
3.381863
3.388612
3.395300
3.402050
3.408738
3.415488
3.422175
3.428925
3.435550
3.442238
3.448925
3.455613
3.462300
3.468925
3.475613
3.482238
3.488925
3.495613
3.502238
3.508800
3.515363
3.521925
3.528550
3.535238
3.541863
3.548425
3.554988
3.561425
3.567988
3.574488
3.580925
3.587363
3.593800
3.600300
3.606863
3.613612
