0.221187500
0.225437500
0.230562500
0.235500000
0.240500000
0.245500000
0.250500000
0.255500000
0.260562500
0.265687500
0.270875000
0.276187500
0.281500000
0.287000000
0.292875000
0.298375000
0.310687500
0.316437500
0.328187500
0.332562500
0.347812500
0.360437500
0.367750000
0.372687500
0.378500000
0.383750000
0.388937500
0.394062500
0.399187500
0.404375000
0.409562500
0.414687500
0.419875000
0.425000000
0.430125000
0.435187500
0.440312500
0.445375000
0.450437500
0.455500000
0.460562500
0.465625000
0.470625000
0.475687500
0.480625000
0.485625000
0.490562500
0.495500000
0.500375000
0.505250000
0.510062500
0.514875000
0.519687500
0.524437500
0.529187500
0.533875000
0.538625000
0.543375000
0.548125000
0.552937500
0.557750000
0.562562500
0.567437500
0.572312500
0.577187500
0.582062500
0.586937500
0.591750000
0.596562500
0.601312500
0.606187500
0.611062500
0.615937500
0.620875000
0.625875000
0.630875000
0.636000000
0.641062500
0.646187500
0.651375000
0.656562500
0.661750000
0.666937500
0.672125000
0.677312500
0.682500000
0.687750000
0.692937500
0.698187500
0.703437500
0.708750000
0.714187500
0.719687500
0.725250000
0.730937500
0.736750000
0.742437500
0.747937500
0.753500000
0.759000000
0.764562500
0.770125000
0.775750000
0.781375000
0.787125000
0.792812500
0.798562500
0.804312500
0.810062500
0.815875000
0.821687500
0.827437500
0.833312500
0.839187500
0.845000000
0.850812500
0.856500000
0.862250000
0.868000000
0.873812500
0.879687500
0.885625000
0.891562500
0.897500000
0.903437500
0.909312500
0.915125000
0.920875000
0.926625000
0.932375000
0.938062500
0.943687500
0.949312500
0.954937500
0.960500000
0.966187500
0.971875000
0.977500000
0.983312500
0.989062500
0.994875000
1.000625000
1.006312500
1.012000000
1.017625000
1.023250000
1.028812500
1.034375000
1.039937500
1.045437500
1.050937500
1.056375000
1.061875000
1.067312500
1.072812500
1.078375000
1.084000000
1.089687500
1.095375000
1.101125000
1.106812500
1.112562500
1.118500000
1.124687500
1.131062500
1.138062500
1.258500000
1.263250000
1.268500000
1.273750000
1.279062500
1.284437500
1.289937500
1.295375000
1.300875000
1.306312500
1.311812500
1.317312500
1.322812500
1.328375000
1.333937500
1.339625000
1.345437500
1.351375000
1.426062500
1.430812500
1.436125000
1.441500000
1.446875000
1.452312500
1.457875000
1.463437500
1.469062500
1.474750000
1.480437500
1.486125000
1.491812500
1.497562500
1.503375000
1.509125000
1.514937500
1.520687500
1.526437500
1.532187500
1.537875000
1.543625000
1.549312500
1.555062500
1.560812500
1.566625000
1.572312500
1.578125000
1.583937500
1.589750000
1.595625000
1.601625000
1.608000000
1.735750000
1.740812500
1.746750000
1.752875000
1.758937500
1.765062500
1.771250000
1.777437500
1.783687500
1.789937500
1.796312500
1.802687500
1.808937500
1.815437500
1.821875000
1.828562500
1.835750000
1.929062500
1.934937500
1.941187500
1.947625000
1.954000000
1.960562500
1.967062500
1.973562500
1.980125000
1.986687500
1.993250000
1.999750000
2.006375000
2.012937500
2.019562500
2.026187500
2.032812500
2.039437500
2.046062500
2.052687500
2.059312500
2.065937500
2.072500000
2.079000000
2.085500000
2.091875000
2.098312500
2.104625000
2.111500000
