0.225488
0.230613
0.235737
0.240925
0.246112
0.251363
0.256613
0.261925
0.267300
0.272675
0.278175
0.283863
0.290300
0.298550
0.308175
0.320300
0.331363
0.340738
0.348925
0.354175
0.360675
0.366300
0.371988
0.377488
0.382800
0.388050
0.393238
0.398425
0.403550
0.408675
0.413738
0.418800
0.423863
0.428925
0.434050
0.439113
0.444175
0.449238
0.454300
0.459425
0.464425
0.469488
0.474488
0.479488
0.484488
0.489425
0.494363
0.499300
0.504175
0.509050
0.513863
0.518738
0.523550
0.528363
0.533238
0.538112
0.542988
0.547863
0.552737
0.557550
0.562362
0.567113
0.571863
0.576612
0.581300
0.586050
0.590738
0.595488
0.600175
0.604925
0.609613
0.614363
0.619113
0.623862
0.628613
0.633425
0.638175
0.642988
0.647863
0.652737
0.657613
0.662613
0.667613
0.672675
0.677737
0.682863
0.688050
0.693238
0.698425
0.703612
0.708863
0.714050
0.719300
0.724488
0.729675
0.734862
0.740050
0.745238
0.750425
0.755487
0.760613
0.765800
0.771175
0.849800
0.853925
0.859300
0.864613
0.870050
0.875550
0.881050
0.886550
0.892112
0.897675
0.903238
0.908800
0.914362
0.919863
0.925362
0.930925
0.936425
0.941925
0.947425
0.952925
0.958488
0.963988
0.969550
0.975050
0.980613
0.986113
0.991675
0.997238
1.002863
1.009050
1.111112
1.116737
1.122362
1.127987
1.133675
1.139363
1.145113
1.150863
1.156613
1.162363
1.168175
1.174425
1.307675
1.313113
1.318738
1.324363
1.330050
1.335738
1.341550
1.347487
1.353425
1.359425
1.365425
1.371425
1.377488
1.383488
1.389612
1.395675
1.401738
1.407800
1.413925
1.419988
1.426050
1.432113
1.438300
1.444425
1.450550
1.456738
1.462925
1.469113
1.475300
1.481675
1.487988
1.494300
1.500613
1.506987
1.513300
1.519613
1.525863
1.532050
1.538300
1.544425
1.550612
1.556738
1.562800
1.568925
1.575050
1.580988
1.587050
1.592988
1.598988
1.604988
1.610925
1.616925
1.622925
1.629175
1.635987
1.722863
1.728050
1.733988
1.740113
1.746238
1.752550
1.758925
1.765300
1.771675
1.778175
1.784612
1.791113
1.797675
1.804237
1.810800
1.817300
1.823862
1.830425
1.837050
1.843613
1.850238
1.856737
1.863112
1.869738
1.876488
