0.227812500	
0.232000000	
0.236437500	
0.240937500	
0.245437500	
0.249812500	
0.254437500	
0.258875000	
0.263437500	
0.267937500	
0.272687500	
0.277375000	
0.282562500	
0.287812500	
0.293000000	
0.298562500	
0.304062500	
0.309625000	
0.315375000	
0.320875000	
0.326562500	
0.331875000	
0.336875000	
0.341750000	
0.346500000	
0.351187500	
0.356000000	
0.360750000	
0.365625000	
0.370500000	
0.375812500	
0.381125000	
0.386687500	
0.392437500	
0.398375000	
0.404437500	
0.410625000	
0.416687500	
0.422687500	
0.428687500	
0.434562500	
0.440000000	
0.445312500	
0.450562500	
0.455875000	
0.461000000	
0.466250000	
0.471312500	
0.476625000	
0.482062500	
0.487437500	
0.492812500	
0.498125000	
0.503500000	
0.508937500	
0.514437500	
0.520062500	
0.525625000	
0.531187500	
0.536687500	
0.542375000	
0.548000000	
0.553562500	
0.559125000	
0.564750000	
0.570562500	
0.576062500	
0.581687500	
0.587375000	
0.593062500	
0.598687500	
0.604250000	
0.609812500	
0.615375000	
0.620937500	
0.626250000	
0.631750000	
0.637062500	
0.642312500	
0.647625000	
0.652937500	
0.658250000	
0.663437500	
0.668625000	
0.674000000	
0.679187500	
0.684500000	
0.689750000	
0.695437500	
0.764875000	
0.769500000	
0.774375000	
0.779312500	
0.784375000	
0.789625000	
0.794875000	
0.800625000	
0.912250000	
0.916812500	
0.921812500	
0.927187500	
0.932625000	
0.938187500	
0.943687500	
0.949375000	
0.954937500	
0.960750000	
0.966437500	
0.971812500	
0.977625000	
0.983187500	
0.989000000	
0.994562500	
1.000187500	
1.005875000	
1.011500000	
1.017250000	
1.022750000	
1.028437500	
1.034187500	
1.040000000	
1.045687500	
1.051375000	
1.057062500	
1.062750000	
1.068437500	
1.074062500	
1.079875000	
1.085562500	
1.091250000	
1.097000000	
1.102562500	
1.108187500	
1.113812500	
1.119562500	
1.125000000	
1.130562500	
1.136125000	
1.141812500	
1.147250000	
1.152687500	
1.158312500	
1.163875000	
1.169500000	
1.175062500	
1.181062500	
1.187125000	
1.193125000	
1.199312500	
1.205812500	
1.212187500	
1.218500000	
1.224625000	
1.230437500	
1.236312500	
1.242062500	
1.247687500	
1.253312500	
1.258875000	
1.264562500	
1.270625000	
1.276625000	
1.283062500	
1.394875000	
1.399562500	
1.405125000	
1.410625000	
1.416375000	
1.421937500	
1.427937500	
1.434125000	
1.440562500	
1.447250000	
1.457437500	
1.471125000	
1.594625000	
1.599562500	
1.605000000	
1.610375000	
1.615937500	
1.621375000	
1.627062500	
1.632750000	
1.638500000	
1.644187500	
1.650000000	
1.655812500	
1.661437500	
1.667375000	
1.673187500	
1.679062500	
1.685000000	
1.691000000	
1.697125000	
1.702937500	
1.708937500	
1.714625000	
1.720500000	
1.726437500	
1.732250000	
1.738187500	
1.744375000	
1.750625000	
1.757125000	
1.763937500	
1.857187500	
1.861500000	
1.867125000	
1.872625000	
1.878312500	
1.883937500	
1.889687500	
1.895500000	
1.901312500	
1.907500000	
1.913875000	
1.920312500	
1.926937500	
1.933812500	
1.940375000	
1.999125000	
2.003875000	
2.010000000	
2.015875000	
2.021750000	
2.027500000	
2.033187500	
2.038937500	
2.044687500	
2.050625000	
2.056562500	
2.062875000	
2.069187500	
2.075937500	
2.083062500	
2.090062500	
2.095375000	
2.131500000	
2.137312500	
2.143000000	
2.148875000	
2.154750000	
2.160625000	
2.166687500	
2.172625000	
2.178750000	
2.184812500	
2.191062500	
2.197250000	
2.203437500	
2.209625000	
2.215937500	
2.222125000	
2.228500000	
2.234625000	
2.241125000	
2.247312500	
2.253625000	
2.260000000	
2.266375000	
2.272750000	
2.279125000	
2.285500000	
2.292000000	
2.298125000	
2.304625000	
2.311125000	
2.317375000	
2.324000000	
2.330312500	
2.336875000	
2.343375000	
2.349875000	
2.356250000	
2.362687500	
2.369250000	
2.375687500	
2.382062500	
2.388437500	
2.394750000	
2.401187500	
2.407437500	
2.413812500	
2.420312500	
2.427062500	
2.433812500	
2.440937500	
2.447125000	
2.454062500	
2.460250000	
