0.263562500
0.267875000
0.272375000
0.276875000
0.281500000
0.286062500
0.290750000
0.295250000
0.299937500
0.304562500
0.309187500
0.313812500
0.318562500
0.323375000
0.328437500
0.333500000
0.338687500
0.343937500
0.349187500
0.354500000
0.359750000
0.364937500
0.370062500
0.375187500
0.380312500
0.385312500
0.390312500
0.395187500
0.400062500
0.404937500
0.409812500
0.414687500
0.419500000
0.424437500
0.429250000
0.434187500
0.439062500
0.444062500
0.448937500
0.453812500
0.458750000
0.463625000
0.468500000
0.473437500
0.478312500
0.483250000
0.488125000
0.493062500
0.497875000
0.502750000
0.507625000
0.512500000
0.517375000
0.522312500
0.527250000
0.532187500
0.537062500
0.542062500
0.547062500
0.552187500
0.557375000
0.562812500
0.568375000
0.573750000
0.579062500
0.584187500
0.589187500
0.594250000
0.599312500
0.604500000
0.609625000
0.614812500
0.620000000
0.625187500
0.630437500
0.635687500
0.641000000
0.646375000
0.651625000
0.656937500
0.662312500
0.667750000
0.673062500
0.678562500
0.684000000
0.689562500
0.695312500
0.701062500
0.707000000
0.713187500
0.719437500
0.725875000
0.731937500
0.737562500
0.743500000
0.749812500	
0.950125000
0.954187500
0.958750000
0.963375000
0.968000000
0.972562500
0.977312500
0.982000000
0.986750000
0.991437500
0.996250000
1.001062500
1.006125000
1.010937500
1.016062500
1.021312500
1.026500000
1.032000000
1.037437500
1.043000000
1.048687500
1.054562500
1.060437500
1.066437500
1.072500000
1.078625000
1.084812500
1.090875000
1.097062500
1.103250000
1.109437500
1.115500000
1.121625000
1.127500000
1.133500000
1.139437500
1.145375000
1.151375000
1.157437500
1.163375000
1.169312500
1.175375000
1.181375000
1.187375000
1.193437500
1.199375000
1.205312500
1.211187500
1.217000000
1.222937500
1.228687500
1.234500000
1.240312500
1.246000000
1.251750000
1.463062500
1.467937500
1.473437500
1.479062500
1.484562500
1.490250000
1.495875000
1.501687500
1.507312500
1.512937500
1.518625000
1.524375000
1.530062500
1.535750000
1.541500000
1.547187500
1.552812500
1.558500000
1.564187500
1.569937500
1.575625000
1.581437500
1.587312500
1.593250000
1.599375000
1.605562500
1.611812500
1.618000000
1.624000000
1.629937500
1.635812500
1.641625000
1.647250000
1.652812500
1.658437500
1.664062500
1.669562500
1.675125000
1.680687500
1.686250000
1.691875000
1.697500000
1.703250000
1.708937500
1.714750000
1.720375000
1.726062500
1.731625000
1.737250000
1.742750000
1.748250000
1.753687500
1.759125000
1.764562500
1.770000000
1.775500000
1.951062500
1.955937500
1.961250000
1.966812500
1.972437500
1.978000000
1.983812500
1.989625000
1.995500000
2.001375000
2.007375000
2.013250000
2.019312500
2.025250000
2.031375000
2.037187500
2.043437500
2.049562500
2.055625000
2.061625000
2.067687500
2.073750000
2.079875000
2.086000000
2.092187500
2.098375000
2.104812500
2.111250000
2.118000000
2.124812500
2.131625000
2.138562500
2.145312500
2.152187500
2.158437500
2.165062500
2.171375000
2.177562500
2.183812500
2.190187500
2.196375000
2.202750000
2.209125000
2.215375000
2.221687500
2.228062500
2.234562500
2.241000000
2.247562500
2.253812500
2.260375000
2.266750000
2.273125000
2.279437500
2.285875000
2.292312500
2.298687500
2.305062500
2.311562500
2.317937500
2.324375000
2.330812500
2.337250000
2.343562500
2.349937500
2.356437500
2.362687500
2.369125000
2.375437500
2.381812500
2.388312500
2.394750000
2.401312500
2.407687500
2.414187500
2.420625000
2.426875000
2.433187500
2.439812500
2.446062500
2.452437500
2.459187500
