0.2475625
0.2523125
0.2571875
0.2621875
0.267125
0.2723125
0.2773125
0.2823125
0.2873125
0.2923125
0.297125
0.302375
0.307375
0.312375
0.317375
0.3224375
0.3274375
0.33225
0.3373125
0.34275
0.347625
0.3529375
0.3578125
0.3631875
0.368
0.3730625
0.3780625
0.383125
0.388125
0.393125
0.3980625
0.4030625
0.4080625
0.413
0.4181875
0.4230625
0.4283125
0.4338125
0.439375
0.4450625
0.45075
0.456375
0.461875
0.4671875
0.47275
0.478125
0.483375
0.4886875
0.49375
0.4989375
0.504125
0.50925
0.5144375
0.5196875
0.525
0.5305
0.536375
0.5424375
0.5486875
0.5550625
0.56125
0.5928125
0.5983125
0.6031875
0.6088125
0.61375
0.619125
0.6245
0.6298125
0.63525
0.640625
0.646
0.651375
0.65675
0.662125
0.6675
0.6728125
0.6780625
0.683375
0.688625
0.694125
0.6991875
0.7045625
0.7096875
0.715
0.72025
0.725625
0.731
0.736125
0.7463125
0.751375
0.904
0.9084375
0.913
0.9176875
0.9224375
0.9273125
0.932375
0.937625
0.943
0.9485625
0.95425
0.96
0.965875
0.9719375
0.9779375
1.00425
1.008625
1.01325
1.0179375
1.02275
1.0275625
1.0324375
1.0373125
1.04225
1.04725
1.05225
1.0571875
1.06225
1.06725
1.0723125
1.0774375
1.0825
1.0875625
1.09275
1.097875
1.10325
1.10825
1.1135
1.118875
1.124375
1.1300625
1.1358125
1.1416875
1.147625
1.1535625
1.1594375
1.16525
1.170875
1.176375
1.1818125
1.18725
1.19275
1.1985
1.20375
1.209375
1.2149375
1.220875
1.2264375
1.2316875
1.2371875
1.24275
1.2481875
1.4085625
1.413625
1.419125
1.4246875
1.4301875
1.43575
1.4413125
1.4469375
1.452625
1.45825
1.463875
1.4695
1.4750625
1.4806875
1.48625
1.491875
1.4975
1.5031875
1.5089375
1.514875
1.66625
1.671
1.6759375
1.681
1.6860625
1.6911875
1.696375
1.701625
1.706875
1.712125
1.7174375
1.72275
1.728125
1.7335
1.7388125
1.7441875
1.7495625
1.754875
1.76025
1.7655625
1.770875
1.7761875
1.7814375
1.78675
1.7919375
1.7971875
1.802375
1.8075625
1.81275
1.8179375
1.823125
1.82825
1.8334375
1.8385625
1.84375
1.848875
1.8540625
1.8591875
1.864375
1.8695625
1.87475
1.8800625
1.8855625
1.8910625
1.8966875
1.9025
1.908375
1.9144375
1.920625
1.9275625
1.9675
1.9723125
1.9774375
1.982625
1.987875
1.9931875
1.9985
2.003875
2.0093125
2.01475
2.0203125
2.025875
2.0314375
2.0370625
2.0425625
2.0481875
2.05375
2.05925
2.0648125
2.070375
2.0759375
2.0815
2.08725
2.0933125
2.0998125
2.1065
2.1654375
2.170875
2.176375
2.1820625
2.18775
2.19325
2.1988125
2.2043125
2.209875
2.2154375
2.2210625
2.226625
2.2321875
2.23775
2.2434375
2.2490625
2.2546875
2.2604375
2.2661875
2.2720625
2.278
2.2838125
2.2900625
2.29675
2.3045
2.311625
2.4315625
2.4368125
2.4420625
2.4475
2.452875
2.458375
2.4639375
2.469625
2.4754375
2.48125
2.4871875
2.493125
2.4990625
2.5050625
2.5110625
2.517
2.523
2.528875
2.5345625
2.5401875
2.54575
2.551375
2.5569375
2.562625
2.56825
2.5739375
2.5796875
2.585375
2.5910625
2.596875
2.602625
2.6084375
2.6141875
2.6200625
2.625875
2.63175
2.6376875
2.6435625
2.6495
2.655375
2.6613125
2.6671875
2.6730625
2.679
2.684875
2.69075
2.6966875
2.7025625
2.7084375
2.7143125
2.72025
2.7261875
2.7320625
2.738
2.7439375
2.7498125
2.7558125
2.7616875
2.767625
2.7735625
2.7795
2.7854375
2.791375
2.7973125
2.8031875
2.809125
2.8150625
2.8210625
2.827125
2.833125
2.8394375
2.84525
2.8515625
2.8575625
2.8636875
2.8698125