0.221750000
0.226625000
0.232062500
0.237562500
0.243187500
0.248750000
0.254312500
0.259937500
0.265562500
0.271000000
0.276562500
0.282187500
0.287812500
0.293437500
0.299062500
0.304750000
0.310437500
0.316062500
0.321750000
0.327375000
0.333062500
0.338750000
0.344437500
0.350125000
0.355875000
0.361562500
0.367312500
0.373062500
0.378875000
0.384625000
0.390437500
0.396250000
0.402062500
0.407937500
0.413750000
0.419875000
0.426375000
0.575187500
0.580375000
0.585625000
0.590937500
0.596312500
0.601687500
0.607125000
0.612625000
0.618062500
0.623625000
0.629187500
0.634750000
0.640250000
0.645875000
0.651437500
0.657000000
0.662562500
0.668125000
0.673625000
0.679125000
0.684687500
0.690187500
0.695687500
0.701125000
0.706687500
0.712062500
0.717437500
0.722875000
0.728187500
0.733562500
0.738937500
0.744375000
0.749687500
0.755125000
0.760500000
0.765937500
0.771312500
0.776750000
0.782125000
0.787500000
0.792875000
0.798250000
0.803625000
0.809000000
0.814375000
0.819687500
0.825125000
0.830500000
0.835937500
0.841312500
0.846937500
0.852500000
0.858375000
1.025062500
1.029750000
1.035062500
1.040437500
1.045875000
1.051437500
1.057000000
1.062500000
1.068062500
1.073687500
1.079312500
1.084937500
1.090687500
1.096437500
1.102250000
1.108062500
1.113875000
1.119687500
1.125625000
1.131562500
1.137562500
1.143562500
1.149562500
1.155562500
1.161625000
1.167625000
1.173625000
1.179625000
1.185750000
1.191750000
1.197875000
1.204000000
1.210062500
1.216187500
1.222375000
1.228500000
1.234625000
1.240750000
1.246812500
1.252937500
1.259062500
1.265187500
1.271375000
1.277562500
1.283687500
1.290000000
1.296312500
1.302750000
1.309375000
1.316125000
1.425937500
1.431312500
1.436875000
1.442437500
1.448000000
1.453625000
1.459250000
1.464937500
1.470625000
1.476375000
1.482125000
1.487937500
1.493812500
1.499625000
1.505500000
1.511375000
1.517250000
1.523125000
1.529125000
1.535062500
1.541125000
1.547187500
1.553312500
1.559375000
1.565500000
1.571562500
1.577687500
1.583750000
1.589812500
1.595875000
1.602000000
1.608125000
1.614250000
1.620562500
1.627062500
1.633625000
1.640375000
1.647187500
1.654125000
1.661000000
1.667750000
1.674187500
1.680375000
1.686500000
1.692437500
1.698250000
1.704125000
1.710000000
1.715875000
1.721750000
1.727687500
1.733562500
1.739437500
1.745375000
1.751250000
1.757187500
1.763187500
1.769375000
1.775812500
1.782375000
1.789187500
1.796125000
1.803187500
1.810250000
1.816312500
1.822500000
1.828500000
1.834562500
1.840562500
1.846687500
1.852812500
1.858875000
1.865062500
1.871187500
1.877375000
1.883562500
1.889750000
1.895875000
1.902062500
1.908250000
1.914500000
1.920687500
1.926875000
1.933187500
1.939437500
1.945687500
1.951937500
1.958312500
1.964562500
1.970875000
1.977250000
1.983562500
1.989875000
1.996250000
2.002625000
2.009062500
2.015500000
2.021937500
2.028375000
2.034812500
2.041312500
2.047750000
2.054250000
2.060750000
2.067187500
2.073750000
2.080312500
2.086875000
2.093437500
2.100000000
2.106562500
2.113250000
2.119875000
2.126562500
2.133250000
2.139875000
2.146500000
2.153187500
2.159875000
2.166562500
2.173250000
2.179937500
2.186687500
2.193375000
2.200125000
2.206875000
2.213625000
2.220312500
2.227062500
2.233812500
2.240562500
2.247375000
2.254312500
2.261375000
2.268375000
