0.109737
0.237237
0.241863
0.246987
0.251925
0.257050
0.262175
0.267238
0.272488
0.277550
0.282738
0.287988
0.293238
0.298300
0.303550
0.308800
0.314113
0.319488
0.324862
0.330238
0.335675
0.341113
0.346550
0.352175
0.357675
0.363175
0.368800
0.374425
0.380113
0.385862
0.391675
0.397488
0.403363
0.409175
0.414988
0.420863
0.426613
0.432425
0.438175
0.444050
0.449862
0.455488
0.461238
0.467113
0.598612
0.603175
0.608050
0.612988
0.617988
0.622925
0.627925
0.632862
0.637862
0.642863
0.647925
0.653050
0.658300
0.663675
0.669238
0.674925
0.680675
0.686488
0.692238
0.698175
0.703675
0.709113
0.714363
0.719425
0.724425
0.729425
0.734425
0.739488
0.744675
0.749988
0.755425
0.761112
0.766988
0.773050
0.779363
0.818925
0.823612
0.828925
0.834363
0.839863
0.845363
0.851050
0.856738
0.862425
0.868300
0.874175
0.880050
0.886050
0.892050
0.897988
0.904050
0.910112
0.916175
0.922300
0.928362
0.934425
0.940425
0.946550
0.952612
0.958675
0.964738
0.970800
0.976800
0.982862
0.988925
0.994925
1.000800
1.006862
1.012800
1.106050
1.113925
1.147487
1.154488
1.160300
1.166300
1.172175
1.345675
1.350363
1.356050
1.361738
1.367550
1.373487
1.379487
1.385425
1.391425
1.397487
1.403612
1.409612
1.415612
1.421675
1.427738
1.433738
1.439800
1.445800
1.451863
1.457987
1.464050
1.470050
1.476050
1.482050
1.487988
1.493925
1.499988
1.506238
1.512800
1.519300
1.526112
1.569487
1.575550
1.581300
1.587425
1.593363
1.599238
1.605050
1.610925
1.616737
1.622613
1.628488
1.634300
1.640175
1.646050
1.651987
1.658238
1.664675
1.671425
1.723175
1.729425
1.735550
1.741800
1.747988
1.754175
1.760300
1.766612
1.772925
1.779175
1.785425
1.791737
1.798050
1.804300
1.810612
1.816925
1.823238
1.829487
1.835738
1.841988
1.848175
1.854362
1.860613
1.866863
1.873175
1.879487
1.885800
1.892300
1.899112
1.905925
1.913050
1.920862
1.983675
1.989425
1.995425
2.001425
2.007425
2.013425
2.019487
2.025550
2.031550
2.037675
2.043800
2.049925
2.056050
2.062300
2.068800
2.075300
2.082737
2.138925
2.145175
2.151613
2.158113
2.164550
2.171175
2.177738
2.184425
2.191113
2.197738
2.204363
2.210987
2.217675
2.224363
2.231050
2.237738
2.244425
2.251113
2.257800
2.264550
2.271300
2.278050
2.284800
2.291550
2.298175
2.304925
2.311612
2.318300
2.325050
2.331800
2.338487
2.345238
2.351987
2.358800
2.365550
2.372362
2.379050
2.385862
2.392675
2.399550
2.406238
2.413175
2.420113
2.426988
2.432925
2.439425
