0.228562500
0.233062500
0.237687500
0.242562500
0.247312500
0.252187500
0.257125000
0.262125000
0.267562500
0.273375000
0.391125000
0.395937500
0.400937500
0.406000000
0.410875000
0.415875000
0.420750000
0.425750000
0.430687500
0.435750000
0.440812500
0.445937500
0.451000000
0.456125000
0.461250000
0.466250000
0.471500000
0.476562500
0.481562500
0.486687500
0.491687500
0.496625000
0.501562500
0.506562500
0.511375000
0.516187500
0.520812500
0.525562500
0.530375000
0.535125000
0.540125000
0.710000000
0.714125000
0.718562500
0.722937500
0.727312500
0.731812500
0.736437500
0.741000000
0.745500000
0.750375000
0.755500000
0.760812500
0.888312500
0.893000000
0.898062500
0.903187500
0.908437500
0.913812500
0.919125000
0.924437500
0.929687500
0.934937500
0.940312500
0.945750000
0.951125000
0.956500000
0.961937500
0.967312500
0.972750000
0.978187500
0.983625000
0.989187500
0.994562500
1.000062500
1.005500000
1.011000000
1.016375000
1.021937500
1.027312500
1.032750000
1.038375000
1.043875000
1.049375000
1.054875000
1.060500000
1.066000000
1.071562500
1.077062500
1.082562500
1.087937500
1.093500000
1.098937500
1.104375000
1.109875000
1.115187500
1.120750000
1.126062500
1.131500000
1.136937500
1.142312500
1.147812500
1.153562500
1.159500000
1.245000000
1.249937500
1.255375000
1.260812500
1.266250000
1.271812500
1.277375000
1.282937500
1.288437500
1.293812500
1.299437500
1.304875000
1.310437500
1.315937500
1.321625000
1.327250000
1.332875000
1.338687500
1.344500000
1.350125000
1.355812500
1.361250000
1.366687500
1.371687500
1.376750000
1.381937500
1.387187500
1.392625000
1.398062500
1.403562500
1.408937500
1.414375000
1.419875000
1.425437500
1.430937500
1.436437500
1.442000000
1.447500000
1.453000000
1.458562500
1.464125000
1.469937500
1.476125000
1.586500000
1.591437500
1.596812500
1.602437500
1.607875000
1.613562500
1.619375000
1.625062500
1.630812500
1.636562500
1.642437500
1.648250000
1.654062500
1.659812500
1.665750000
1.671812500
1.677687500
1.683625000
1.689750000
1.695687500
1.701937500
1.707937500
1.713875000
1.719812500
1.725875000
1.731937500
1.738062500
1.744250000
1.750250000
1.756312500
1.762437500
1.768375000
1.774812500
1.781062500
