0.228363
0.232550
0.236863
0.241363
0.245988
0.250550
0.255238
0.259863
0.264550
0.269300
0.274050
0.278800
0.283613
0.288425
0.293238
0.298050
0.302925
0.307800
0.312675
0.317613
0.322550
0.327488
0.332363
0.337300
0.342238
0.347175
0.352112
0.357113
0.362238
0.366988
0.371863
0.376738
0.381550
0.386425
0.391238
0.395988
0.400800
0.405550
0.410238
0.414988
0.419675
0.424300
0.428925
0.433550
0.438113
0.442738
0.447238
0.451800
0.456300
0.460800
0.465363
0.469925
0.474550
0.479238
0.483925
0.488863
0.493675
0.498550
0.503363
0.508238
0.513112
0.518363
0.523737
0.577800
0.582050
0.586363
0.590612
0.594988
0.599425
0.603988
0.608488
0.612925
0.617425
0.622113
0.626738
0.631300
0.635988
0.640550
0.645363
0.650175
0.654988
0.659863
0.664800
0.669737
0.674613
0.679362
0.684300
0.689175
0.694050
0.698800
0.703675
0.708675
0.713488
0.718300
0.723363
0.728300
0.733237
0.738237
0.743175
0.748175
0.753175
0.758238
0.763300
0.768363
0.773487
0.778550
0.783613
0.788675
0.793800
0.798863
0.803925
0.809050
0.814175
0.819300
0.824425
0.829612
0.834863
0.840113
0.845363
0.850675
0.855988
0.861300
0.866675
0.872113
0.877550
0.882988
0.888487
0.893988
0.899488
0.905050
0.910613
0.916175
0.921800
0.927425
0.933050
0.938738
0.944362
0.950050
0.955738
0.961612
0.967550
1.155488
1.159612
1.164738
1.169988
1.175363
1.180800
1.186175
1.191675
1.197175
1.202675
1.208238
1.213737
1.219363
1.224925
1.230550
1.236112
1.241675
1.247238
1.252738
1.258300
1.263738
1.269175
1.274612
1.279988
1.285363
1.290675
1.295925
1.301175
1.306300
1.311425
1.316550
1.321550
1.326488
1.331425
1.336363
1.341238
1.346238
1.351112
1.355988
1.360925
1.365863
1.370800
1.375738
1.380675
1.385612
1.390550
1.395488
1.400363
1.405300
1.410175
1.415113
1.419988
1.424925
1.429925
1.434925
1.439863
1.444925
1.449925
1.454925
1.459988
1.465113
1.470175
1.475300
1.480488
1.485675
1.490863
1.496050
1.501238
1.506488
1.511675
1.516925
1.522175
1.527425
1.532675
1.537988
1.543300
1.548675
1.554050
1.559425
1.564738
1.570113
1.575550
1.580925
1.586363
1.591863
1.597300
1.603175
1.720863
1.726300
1.731675
1.737050
1.742238
1.747737
1.753113
1.758612
1.764113
1.769613
1.775050
1.780488
1.786237
1.822800
1.827738
1.832800
1.838113
1.843363
1.848737
1.854050
1.859363
1.864737
1.870050
1.875425
1.880738
1.886113
1.891987
1.897925
2.054425
2.059300
2.064425
2.069863
2.075363
2.080738
2.086238
2.091800
2.097300
2.102925
2.108550
2.114175
2.119800
2.125488
2.131175
2.136925
2.142612
2.148425
2.154113
2.159925
2.165738
2.171488
2.177300
2.183113
2.188925
2.194738
2.200613
2.206488
2.212300
2.218175
2.224050
2.229988
2.235863
2.241800
2.247737
2.253675
2.259675
2.265675
2.271612
2.277550
