0.231425
0.235487
0.240175
0.244862
0.249550
0.254238
0.258863
0.263550
0.268175
0.272863
0.277488
0.282175
0.286800
0.291488
0.296175
0.300925
0.305675
0.310425
0.315238
0.320050
0.324863
0.329675
0.334425
0.339175
0.343863
0.348550
0.353238
0.357800
0.362425
0.366988
0.371550
0.376113
0.380800
0.385425
0.390113
0.394863
0.399613
0.404488
0.409363
0.414238
0.419175
0.424113
0.429113
0.434113
0.439050
0.444050
0.449238
0.454175
0.459300
0.464425
0.469613
0.474863
0.480050
0.485175
0.490238
0.495175
0.500113
0.505050
0.510050
0.515050
0.520050
0.525050
0.530112
0.535363
0.540800
0.546238
0.551863
0.557738
0.563675
0.569738
0.575987
0.582300
0.588925
0.595612
0.624613
0.629738
0.635175
0.640613
0.646112
0.651613
0.657050
0.662550
0.668050
0.673488
0.678863
0.684238
0.689550
0.694863
0.700113
0.705363
0.710612
0.715800
0.720925
0.725988
0.731237
0.736613
0.742113
0.747675
0.753238
0.758800
0.764425
0.770050
0.775737
0.781425
0.787175
0.793050
0.799113
0.935425
0.940175
0.945238
0.950300
0.955425
0.960738
0.966050
0.971425
0.976800
0.982300
0.987800
0.993238
0.998738
1.004238
1.009675
1.015113
1.020488
1.025988
1.031425
1.036988
1.042612
1.048363
1.054300
1.060425
1.105175
1.110300
1.115488
1.120737
1.125987
1.131238
1.136550
1.141925
1.147363
1.152800
1.158300
1.163863
1.169425
1.174988
1.180675
1.186363
1.192050
1.197675
1.203425
1.209175
1.214925
1.220675
1.226488
1.232300
1.238112
1.243925
1.249737
1.255550
1.261300
1.266987
1.272738
1.278363
1.284050
1.289675
1.295363
1.301050
1.306800
1.312613
1.318550
1.324675
1.330988
1.337613
1.344363
1.362550
1.367800
1.373425
1.379175
1.384863
1.390488
1.395987
1.401425
1.406800
1.412113
1.417425
1.422738
1.428113
1.433425
1.438738
1.443988
1.449300
1.454675
1.459988
1.465363
1.470800
1.476238
1.481737
1.487300
1.492863
1.498488
1.504113
1.509800
1.515550
1.521425
1.527363
1.533425
1.539550
1.545800
1.552237
1.558738
1.565425
1.572050
1.578488
1.584675
1.590800
1.596988
1.603863
1.613800
1.690675
1.697050
1.704238
1.709738
1.716238
1.722425
1.728675
1.734925
1.741113
1.747362
1.753675
1.759925
1.766175
1.772550
1.779113
1.785738
1.792612
1.799488
1.806363
1.813113
1.819738
1.826175
1.832425
1.838675
1.844863
1.851112
1.857300
1.863550
1.869738
1.876050
1.882300
1.888675
1.895113
1.901488
1.907987
1.914488
1.921175
1.927863
1.934613
1.941300
1.947925
1.954425
1.960925
1.967238
1.973550
1.979675
1.985675
1.991613
1.997488
2.003425
2.009300
2.015175
2.021050
2.026925
2.032800
2.038675
2.044550
2.050362
2.056237
2.062113
2.067988
2.073863
2.079800
2.085738
2.091737
2.097738
2.103737
2.109738
2.115800
2.121925
2.128175
2.134425
2.140738
2.147113
2.153488
2.159988
2.166488
2.173050
2.179613
2.186175
2.192738
2.199238
2.205738
2.212238
2.218738
2.225238
2.231737
2.238113
2.244550
2.250987
2.257425
2.263738
2.270363
2.277112
2.283925
