0.229812500
0.234500000
0.239500000
0.244562500
0.249625000
0.254687500
0.259812500
0.264937500
0.270062500
0.275250000
0.280375000
0.285562500
0.290750000
0.295937500
0.301125000
0.306250000
0.311500000
0.316687500
0.321937500
0.327250000
0.332625000
0.338062500
0.343562500
0.349187500
0.354812500
0.360500000
0.366125000
0.371750000
0.377250000
0.382750000
0.388187500
0.393625000
0.399000000
0.404375000
0.409812500
0.415250000
0.420687500
0.426187500
0.431687500
0.437187500
0.442687500
0.448187500
0.453875000
0.459687500
0.465750000
0.677312500
0.682125000
0.687062500
0.692125000
0.697250000
0.702375000
0.707562500
0.712750000
0.718000000
0.723187500
0.728437500
0.733750000
0.739000000
0.744250000
0.749562500
0.754812500
0.760125000
0.765437500
0.770687500
0.776000000
0.781250000
0.786500000
0.791750000
0.796937500
0.802187500
0.807375000
0.812562500
0.817750000
0.822875000
0.828000000
0.833125000
0.838187500
0.843250000
0.848312500
0.853312500
0.858375000
0.863375000
0.868375000
0.873437500
0.878500000
0.883625000
0.888937500
0.894375000
0.900250000
0.906437500
0.913187500
0.919937500
0.925937500
0.931937500
0.937750000
0.943312500
0.948625000
0.953687500
0.958687500
0.963625000
0.968500000
0.973437500
0.978312500
0.983187500
0.988125000
0.992937500
0.997875000
1.002750000
1.007687500
1.012562500
1.017437500
1.022375000
1.027250000
1.032125000
1.037062500
1.041937500
1.046875000
1.051812500
1.056750000
1.061687500
1.066625000
1.071625000
1.076625000
1.081687500
1.086812500
1.092062500
1.097375000
1.102812500
1.108375000
1.113812500
1.119125000
1.124437500
1.129812500
1.135187500
1.140625000
1.146062500
1.151562500
1.157062500
1.162562500
1.168125000
1.173750000
1.179312500
1.184875000
1.190500000
1.196125000
1.201687500
1.207250000
1.212875000
1.218500000
1.224250000
1.230187500
1.349125000
1.354875000
1.360812500
1.366812500
1.372875000
1.378937500
1.385062500
1.391187500
1.397437500
1.403687500
1.409937500
1.416187500
1.422500000
1.428812500
1.435125000
1.441500000
1.447875000
1.454312500
1.460625000
1.467000000
1.473375000
1.479750000
1.486062500
1.492437500
1.498750000
1.505062500
1.511437500
1.517687500
1.523937500
1.530250000
1.536500000
1.542750000
1.549000000
1.555187500
1.561375000
1.567625000
1.573875000
1.580125000
1.586500000
1.592812500
1.691187500
1.696812500
1.702625000
1.708562500
1.714437500
1.720375000
1.726250000
1.732125000
1.737937500
1.743750000
1.749562500
1.755375000
1.761187500
1.767000000
1.772750000
1.778437500
1.784187500
1.789875000
1.795562500
1.801250000
1.806937500
1.812625000
1.818312500
1.823937500
1.829625000
1.835250000
1.840875000
1.846437500
1.851937500
1.857375000
1.862812500
1.868125000
1.873500000
1.878875000
1.884250000
1.889875000
1.895750000
2.002062500
2.006625000
2.011625000
2.016750000
2.021937500
2.027187500
2.032500000
2.037812500
2.043187500
2.048562500
2.054000000
2.059500000
2.065000000
2.070562500
2.076250000
2.081937500
2.087625000
2.093437500
2.099250000
2.105125000
2.111062500
2.117000000
2.122812500
2.128687500
2.134625000
2.140500000
2.146312500
2.152250000
2.158500000
2.270625000
2.276125000
2.282187500
2.288250000
2.294500000
2.300750000
2.307062500
2.313375000
2.319750000
2.326125000
2.332500000
2.338937500
2.345312500
2.351625000
2.358000000
2.364375000
2.370812500
2.377375000
2.383875000
2.390687500
2.397625000
2.483375000
2.569125000
2.581562500
2.586625000
2.593562500
2.599312500
2.605437500
2.611437500
2.617437500
2.623375000
2.629375000
2.635187500
2.641125000
2.647062500
2.653000000
2.659000000
2.664937500
2.671062500
2.677187500
2.683812500
2.788812500
2.793125000
2.798750000
2.804437500
2.810250000
2.816062500
2.822000000
2.827937500
2.833937500
2.839937500
2.846062500
2.852125000
2.858125000
2.864187500
2.870250000
2.876250000
2.882250000
2.888250000
2.894312500
2.900562500
3.095562500
3.100625000
3.106187500
3.111812500
3.117500000
3.123187500
3.129000000
3.134812500
3.140687500
3.146562500
3.152562500
3.158562500
3.164562500
3.170625000
3.176687500
3.182812500
3.189000000
3.195250000
3.201562500
3.207937500
3.214312500
3.220750000
3.227187500
3.233437500
3.239812500
3.246187500
3.252500000
3.258937500
3.265562500
3.271687500
3.277562500
