0.212687500
0.216562500
0.221500000
0.226375000
0.231250000
0.236187500
0.241125000
0.246187500
0.251187500
0.256250000
0.261250000
0.266687500
0.360562500
0.364625000
0.369562500
0.374562500
0.379625000
0.384687500
0.389625000
0.394812500
0.400125000
0.405375000
0.410687500
0.415875000
0.421375000
0.427062500
0.432875000
0.438437500
0.444000000
0.449375000
0.454562500
0.459625000
0.464375000
0.469375000
0.474312500
0.479312500
0.484375000
0.489437500
0.494500000
0.499625000
0.504812500
0.510125000
0.515437500
0.521812500
0.654437500
0.659937500
0.665187500
0.670687500
0.676125000
0.681687500
0.687375000
0.692875000
0.698562500
0.704250000
0.710000000
0.715687500
0.721500000
0.727250000
0.732937500
0.738625000
0.744250000
0.750062500
0.755625000
0.761375000
0.767187500
0.772875000
0.778500000
0.784062500
0.789875000
0.795562500
0.801250000
0.806937500
0.812562500
0.818312500
0.824000000
0.829625000
0.835187500
0.840812500
0.846375000
0.852000000
0.857562500
0.863250000
0.868687500
0.874250000
0.879937500
0.885562500
0.891125000
0.896750000
0.902437500
0.908187500
0.913750000
0.919125000
0.924750000
0.930250000
0.935812500
0.941437500
0.947062500
0.953937500
1.158500000
1.163812500
1.169187500
1.174625000
1.180187500
1.185687500
1.191250000
1.196812500
1.202375000
1.207937500
1.213500000
1.219000000
1.224625000
1.230187500
1.235750000
1.241312500
1.246875000
1.252500000
1.258125000
1.263750000
1.269375000
1.275062500
1.280750000
1.286437500
1.292187500
1.297937500
1.303750000
1.309625000
1.315437500
1.321312500
1.327250000
1.333250000
1.339312500
1.345312500
1.351500000
1.357625000
1.363812500
1.370000000
1.376187500
1.382437500
1.388625000
1.395000000
1.401187500
1.407500000
1.413750000
1.419937500
1.426312500
1.432687500
1.439125000
1.445562500
1.452000000
1.458625000
1.465000000
1.599750000
1.606062500
1.612250000
1.618562500
1.624875000
1.631250000
1.637875000
1.715125000
1.721625000
1.727812500
1.734187500
1.740562500
1.746937500
1.753312500
1.759625000
1.766000000
1.772312500
1.778625000
1.785000000
1.791375000
1.797812500
1.804312500
1.810687500
1.817125000
1.823500000
1.829937500
1.836375000
1.842750000
1.849250000
1.855687500
1.862250000
1.868687500
1.875125000
1.881562500
1.887875000
1.894375000
1.900937500
1.907312500
1.913812500
1.920312500
1.926750000
1.933312500
1.940187500
1.947187500
1.954375000
1.961875000
1.975250000
1.994937500
2.008062500
2.015500000
2.022562500
2.029750000
2.037125000
2.044625000
2.052187500
2.059687500
2.067250000
2.074812500
2.082312500
2.089812500
2.097062500
2.104312500
2.111500000
2.118625000
