0.240625000
0.245437500
0.250187500
0.255062500
0.259937500
0.264875000
0.269812500
0.274687500
0.279687500
0.284625000
0.289625000
0.294687500
0.299687500
0.304750000
0.309875000
0.314937500
0.320125000
0.325250000
0.330500000
0.335875000
0.341312500
0.346812500
0.352437500
0.358125000
0.363937500
0.369750000
0.375500000
0.381375000
0.387125000
0.392812500
0.398312500
0.403687500
0.409062500
0.414375000
0.419812500
0.425250000
0.430812500
0.436375000
0.442062500
0.447812500
0.453562500
0.459437500
0.465250000
0.471125000
0.477000000
0.482812500
0.488687500
0.494562500
0.500375000
0.506187500
0.511937500
0.517687500
0.523375000
0.529062500
0.534687500
0.540250000
0.545750000
0.551312500
0.556750000
0.562187500
0.567687500
0.573312500
0.578937500
0.584625000
0.590312500
0.595875000
0.601312500
0.606625000
0.611875000
0.617125000
0.622375000
0.627625000
0.632812500
0.638000000
0.643187500
0.648375000
0.653437500
0.658562500
0.663562500
0.668500000
0.673437500
0.678312500
0.683187500
0.687937500
0.692687500
0.697500000
0.702375000
0.707437500
0.712437500
0.717375000
0.722437500
0.727500000
0.732625000
0.737812500
0.743125000
0.748750000
0.922250000
0.926687500
0.932062500
0.937437500
0.943000000
0.948562500
0.954250000
0.959875000
0.965687500
0.971500000
0.977375000
0.983250000
0.989125000
0.995000000
1.000937500
1.006812500
1.012750000
1.018625000
1.024500000
1.030375000
1.036250000
1.042062500
1.047937500
1.053750000
1.059562500
1.065500000
1.071687500
1.077812500
1.084062500
1.090375000
1.096687500
1.102937500
1.109187500
1.115375000
1.121625000
1.127750000
1.133875000
1.139875000
1.145687500
1.151500000
1.157250000
1.163062500
1.168937500
1.174812500
1.180687500
1.186562500
1.192625000
1.198625000
1.204562500
1.210500000
1.216500000
1.222500000
1.228500000
1.234562500
1.240562500
1.246625000
1.252687500
1.258750000
1.264812500
1.270812500
1.276812500
1.282750000
1.288687500
1.294625000
1.300875000
1.307625000
1.462437500
1.469250000
1.474875000
1.481125000
1.486937500
1.492875000
1.498812500
1.504750000
1.510750000
1.516750000
1.522750000
1.528750000
1.534812500
1.540812500
1.546750000
1.552750000
1.558812500
1.564812500
1.570937500
1.577062500
1.583187500
1.589375000
1.595625000
1.601875000
1.608062500
1.614375000
1.620562500
1.626937500
1.633250000
1.639562500
1.645812500
1.652125000
1.658562500
1.664875000
1.671250000
1.677562500
1.683937500
1.690375000
1.696687500
1.703062500
1.709437500
1.715812500
1.722187500
1.728562500
1.734937500
1.741312500
1.747750000
1.754187500
1.760687500
1.767187500
1.773687500
1.780312500
1.786812500
1.793375000
1.799937500
1.806437500
1.813000000
1.819500000
1.826062500
1.832562500
1.839125000
1.845625000
1.852125000
1.858562500
1.865000000
1.871437500
1.878062500
1.884500000
1.891187500
1.898187500
