0.234113
0.238550
0.243112
0.247800
0.252425
0.257113
0.261863
0.266550
0.271238
0.275988
0.280800
0.285613
0.290425
0.295363
0.300363
0.305363
0.310238
0.315050
0.319800
0.324488
0.329113
0.333675
0.338175
0.342675
0.347113
0.351612
0.356175
0.360800
0.365488
0.370175
0.374988
0.379863
0.384738
0.389675
0.394613
0.399613
0.404550
0.409613
0.414612
0.419800
0.425175
0.430613
0.436425
0.442925
0.610550
0.615237
0.620238
0.625175
0.630175
0.635238
0.640300
0.645363
0.650488
0.655550
0.660737
0.665863
0.670988
0.676050
0.681113
0.686175
0.691175
0.696175
0.701238
0.706238
0.711175
0.716175
0.721113
0.726050
0.730988
0.735925
0.740800
0.745738
0.750613
0.755550
0.760363
0.765238
0.770050
0.774863
0.779675
0.784425
0.789300
0.794175
0.799175
0.804238
0.809425
0.814675
0.819987
0.825300
0.830612
0.835987
0.841363
0.846612
0.851488
0.856363
0.861237
0.866237
0.871300
0.876487
0.881738
0.887050
0.892487
0.897988
0.903488
0.909050
0.914675
0.920362
0.925988
0.931675
0.937300
0.942863
0.948363
0.953800
0.959175
0.964550
0.969800
0.974988
0.980113
0.985300
0.990550
0.996050
1.100238
1.104675
1.109300
1.113988
1.118675
1.123425
1.128238
1.132988
1.137738
1.142550
1.147363
1.152175
1.157113
1.162238
1.168050
1.346737
1.351112
1.356113
1.361238
1.366425
1.371675
1.377050
1.382488
1.387925
1.393488
1.399050
1.404675
1.410300
1.416050
1.421738
1.427488
1.433175
1.438925
1.444675
1.450363
1.456112
1.461800
1.467550
1.473238
1.478988
1.484613
1.490300
1.496175
1.502238
1.509175
1.518425
1.533363
1.587487
1.642675
1.657050
1.663300
1.668925
1.674738
1.680425
1.686175
1.691925
1.697738
1.703550
1.709425
1.715238
1.720988
1.726738
1.732613
1.738363
1.744175
1.749988
1.755800
1.761613
1.767425
1.773238
1.779050
1.784863
1.790738
1.796550
1.802425
1.808363
1.814300
1.820238
1.826113
1.832050
1.837988
1.843863
1.849800
1.855675
1.861613
1.867488
1.873363
1.879300
1.885238
1.891300
1.897488
1.903863
1.910488
1.917113
1.923612
1.929925
1.936175
1.942238
1.948363
1.954487
1.960675
1.966925
1.973175
1.979425
1.985613
1.991863
1.998050
2.004237
2.010488
2.016800
2.023238
2.029550
2.035800
2.041987
2.047988
2.053987
2.059925
2.065925
2.071925
2.078050
2.084175
2.090362
2.096550
2.102737
2.108988
2.115238
2.121488
2.127675
2.133863
2.140050
2.146238
2.152300
2.158425
2.164487
2.170612
2.176613
2.182612
2.188613
2.194488
2.200425
2.206237
2.211988
2.217738
2.223425
2.229050
2.234612
2.240175
2.245800
2.251362
2.256925
2.262425
2.267987
2.273675
2.279363
2.285112
2.290925
2.296800
2.302800
2.308737
2.314738
2.320675
2.326550
2.332362
2.338112
2.343863
2.349425
2.354925
2.360362
2.365675
2.370925
2.376238
2.381550
2.386862
2.392175
2.397488
2.402800
2.408050
2.413362
2.418675
2.423988
2.429362
2.434738
2.440113
2.445550
2.450988
2.456425
2.461925
2.467550
2.473238
2.478988
2.484800
2.490613
2.496488
2.502300
2.508113
2.513863
2.519425
2.525050
2.530613
2.536300
2.541987
2.547800
2.553612
2.559487
2.565425
2.571425
2.577363
2.583363
2.589300
2.595238
2.601237
2.607175
2.613050
2.618987
2.624925
2.630863
2.636675
2.642550
2.648487
2.654363
2.660487
2.666675
2.673050
2.679362
2.685800
2.692175
2.698488
2.704738
2.710800
2.716800
2.722738
2.728488
2.734300
2.740175
2.746113
2.752050
2.758113
2.764175
2.770300
2.776425
2.782612
2.788800
2.795050
2.801363
2.807738
2.814113
2.820488
2.826988
2.833487
2.839987
2.846550
2.853175
2.859800
2.866425
2.873050
2.879675
2.886300
2.892925
2.899550
2.906112
2.912738
2.919237
2.925800
2.932300
2.938862
2.945550
2.952237
2.957050
