0.236613
0.242050
0.252050
0.257675
0.262988
0.268300
0.273613
0.278925
0.284175
0.289363
0.294550
0.299675
0.304800
0.309925
0.314988
0.320050
0.325113
0.330238
0.335300
0.340425
0.345488
0.350613
0.355800
0.360988
0.366175
0.371363
0.376613
0.381800
0.387050
0.392363
0.397613
0.402988
0.408300
0.413675
0.419050
0.424488
0.429863
0.435363
0.440800
0.446300
0.451863
0.457425
0.463050
0.468800
0.474613
0.480550
0.486488
0.492425
0.498425
0.504487
0.510363
0.516175
0.521863
0.527425
0.532863
0.538363
0.543737
0.549113
0.554613
0.560175
0.565800
0.571425
0.577113
0.582800
0.588425
0.594113
0.599738
0.605363
0.610988
0.616613
0.622238
0.627800
0.633300
0.638863
0.644363
0.649863
0.655300
0.660737
0.666113
0.671488
0.676863
0.682113
0.687362
0.692613
0.697863
0.702987
0.708175
0.713300
0.718363
0.723488
0.728550
0.733675
0.738675
0.743738
0.748738
0.753738
0.758738
0.763738
0.768675
0.773613
0.778550
0.783488
0.788363
0.793300
0.798175
0.803050
0.807987
0.812925
0.817863
0.822800
0.827800
0.832738
0.837800
0.842738
0.847800
0.852800
0.857862
0.862862
0.867988
0.873238
0.878675
0.884300
0.889988
0.895925
0.902050
0.908425
0.989300
0.994613
0.999863
1.005175
1.010488
1.015800
1.021175
1.026550
1.031988
1.037488
1.042988
1.048488
1.053988
1.059550
1.065113
1.070613
1.076113
1.081675
1.087175
1.092675
1.098238
1.103800
1.109363
1.114925
1.120488
1.126113
1.131675
1.137238
1.142863
1.148363
1.153987
1.159488
1.165050
1.170550
1.176113
1.181613
1.187113
1.192675
1.198175
1.203675
1.209113
1.214613
1.220112
1.225863
1.231613
1.237425
1.243425
1.249675
1.255488
1.262987
1.268050
1.278800
1.284612
1.290300
1.463613
1.467488
1.472925
1.478300
1.483737
1.489175
1.494675
1.500175
1.505738
1.511300
1.516925
1.522550
1.528237
1.533863
1.539550
1.545238
1.550925
1.556550
1.562237
1.567925
1.573675
1.579425
1.585175
1.590925
1.596675
1.602425
1.608238
1.613988
1.619675
1.625425
1.631175
1.636863
1.642488
1.648175
1.653863
1.659550
1.665237
1.670862
1.676550
1.682238
1.687925
1.693613
1.699238
1.704925
1.710550
1.716175
1.721800
1.727613
1.733425
1.739362
1.745300
1.751613
1.757113
1.772738
1.788237
1.802113
1.818300
1.831112
1.837863
1.842800
1.849112
1.854613
1.860362
1.866050
1.871863
1.877800
1.883863
1.889987
1.896113
1.902238
1.908363
1.914550
1.920925
1.927175
1.933550
1.939925
1.946487
1.952988
1.959363
1.965488
1.971363
1.977238
1.982988
1.988613
1.994300
1.999925
2.005613
2.011363
2.017300
2.023425
2.163737
2.168925
2.174488
2.180112
2.185738
2.191362
2.197050
2.202800
2.208550
2.214425
2.220238
2.226175
2.232112
2.238050
2.244050
2.250113
2.256113
2.262175
2.268238
2.274363
2.280488
2.286675
2.292863
2.299050
2.305300
2.311612
2.317862
2.324113
2.330425
2.336737
2.342988
2.349238
2.355488
2.361800
2.368050
2.374363
2.380488
2.386675
2.392863
2.399050
2.405238
2.411425
2.417800
2.424425
