0.222050
0.227112
0.232737
0.237987
0.243238
0.248488
0.253738
0.258925
0.264175
0.269488
0.274738
0.280050
0.285363
0.290675
0.295988
0.301300
0.306675
0.311988
0.317363
0.322800
0.328175
0.333613
0.339113
0.344675
0.350300
0.355988
0.361675
0.367300
0.372988
0.378550
0.384175
0.389675
0.395238
0.400738
0.406300
0.411800
0.417425
0.423050
0.428675
0.434363
0.440050
0.445800
0.451550
0.457363
0.463300
0.469488
0.475675
0.482050
0.489113
0.504175
0.517863
0.559800
0.567050
0.572425
0.579113
0.584800
0.590800
0.596675
0.602425
0.608237
0.614050
0.619800
0.625487
0.631175
0.636925
0.642613
0.648238
0.653863
0.659550
0.665113
0.670737
0.676300
0.681925
0.687425
0.693050
0.698550
0.704050
0.709612
0.715050
0.720550
0.725988
0.731425
0.736925
0.742300
0.747738
0.753113
0.758550
0.763988
0.769425
0.774863
0.780300
0.785737
0.791238
0.796737
0.802300
0.808050
0.813925
0.819987
0.826488
0.977988
0.983300
0.988738
0.994050
0.999425
1.004738
1.010113
1.015425
1.020800
1.026175
1.031550
1.036925
1.042300
1.047675
1.053050
1.058425
1.063800
1.069175
1.074613
1.079988
1.085363
1.090737
1.096113
1.101488
1.106800
1.112113
1.117488
1.122800
1.128175
1.133488
1.138738
1.144113
1.149363
1.154675
1.159987
1.165300
1.170550
1.175863
1.181175
1.186425
1.191738
1.196988
1.202300
1.207550
1.212863
1.218112
1.223425
1.228675
1.233988
1.239300
1.244613
1.249925
1.255238
1.260488
1.265800
1.271113
1.276363
1.281613
1.286863
1.292113
1.297363
1.302613
1.307862
1.313113
1.318363
1.323675
1.328988
1.334300
1.339613
1.344925
1.350238
1.355488
1.360800
1.366050
1.371363
1.376675
1.382050
1.653175
1.658363
1.663863
1.669300
1.674800
1.680300
1.685925
1.691550
1.697175
1.702862
1.708550
1.714238
1.719925
1.725613
1.731300
1.736988
1.742675
1.748425
1.754175
1.759863
1.765550
1.771238
1.776925
1.782612
1.788237
1.793862
1.799425
1.804988
1.810613
1.816175
1.821738
1.827300
1.832863
1.838550
1.844363
1.850300
1.856113
1.862113
1.868362
1.874737
1.880988
1.887050
1.892925
1.899237
1.905800
1.980925
1.985613
1.991300
1.996863
2.002362
2.007925
2.013488
2.018988
2.024550
2.030113
2.035738
2.041363
2.046988
2.052613
2.058300
2.063925
2.069675
2.075363
2.081113
2.086863
2.092613
2.098362
2.104112
2.109863
2.115675
2.121488
2.127238
2.133113
2.138863
2.144675
2.150488
2.156363
2.162113
2.167925
2.173738
2.179550
2.185363
2.191175
2.196988
2.202800
2.208675
2.214488
2.220300
2.226113
2.231925
2.237675
2.243488
2.249238
2.254987
2.260800
2.266550
2.272300
2.278050
2.283863
2.289613
2.295425
2.301175
2.306925
2.312675
2.318425
2.324113
2.329862
2.335550
2.341112
2.346738
2.352488
2.356863
2.382300
2.470238
2.474988
2.481050
2.486737
2.492488
2.498175
2.503862
2.509612
2.515300
2.521050
2.526800
2.532550
2.538238
2.543988
2.549738
2.555550
2.561363
2.567112
2.572800
2.578550
2.584238
2.589925
2.595675
2.601363
2.607300
2.613800
2.711737
2.716800
2.722050
2.727300
2.732550
2.737738
2.742987
2.748238
2.753487
2.758800
2.764113
2.769425
2.774738
2.780050
2.785425
2.790738
2.796175
2.801487
2.806862
2.812300
2.817925
2.893863
2.898862
2.904488
2.910050
2.915675
2.921238
2.926862
2.932550
2.938175
2.943800
2.949488
2.955175
2.960987
2.966863
2.972987
2.979238
2.985488
2.991862
2.998863
3.005738
3.054050
3.059800
3.065925
3.071925
3.077925
3.083863
3.089863
3.095863
3.101863
3.107925
3.113987
3.120112
3.126300
3.132487
3.138675
3.144925
3.151175
3.157425
3.163675
3.169925
3.176238
3.182550
3.188862
3.195175
3.201487
3.207863
3.214237
3.220550
3.226925
3.233300
3.239613
3.245988
3.252300
3.258550
3.264925
3.271175
3.277550
3.283800
3.290113
3.296488
3.302800
3.309112
3.315425
3.321675
3.327925
3.334238
3.340425
3.346675
3.353050
3.359300
3.365737
