0.225125000	
0.230687500	
0.235250000	
0.240375000	
0.245250000	
0.250375000	
0.255375000	
0.260437500	
0.265437500	
0.270375000	
0.275187500	
0.280062500	
0.285125000	
0.289937500	
0.295000000	
0.299937500	
0.305000000	
0.310062500	
0.315187500	
0.320500000	
0.325687500	
0.331000000	
0.336250000	
0.341562500	
0.346937500	
0.352375000	
0.357750000	
0.363062500	
0.368250000	
0.373500000	
0.378625000	
0.383937500	
0.389187500	
0.394437500	
0.399750000	
0.405062500	
0.410375000	
0.415750000	
0.421000000	
0.426250000	
0.431625000	
0.436937500	
0.442187500	
0.447562500	
0.452812500	
0.458062500	
0.463312500	
0.468500000	
0.473750000	
0.478937500	
0.484000000	
0.489250000	
0.494375000	
0.499562500	
0.504937500	
0.510250000	
0.515625000	
0.524250000	
0.543375000	
0.548125000	
0.561937500	
0.651812500	
0.655500000	
0.659875000	
0.664437500	
0.669000000	
0.673687500	
0.678375000	
0.683062500	
0.687875000	
0.692875000	
0.698062500	
0.703375000	
0.708875000	
0.714500000	
0.720062500	
0.725500000	
0.730875000	
0.736062500	
0.741000000	
0.746125000	
0.750875000	
0.755812500	
0.760562500	
0.765562500	
0.770562500	
0.775375000	
0.780375000	
0.785250000	
0.790250000	
0.795125000	
0.800250000	
0.805125000	
0.810187500	
0.815250000	
0.820250000	
0.825312500	
0.830375000	
0.835500000	
0.840562500	
0.845750000	
0.851000000	
0.856187500	
0.861437500	
0.866625000	
0.871875000	
0.877250000	
0.882562500	
0.887937500	
0.893250000	
0.898625000	
0.904062500	
0.909375000	
0.914750000	
0.920125000	
0.925562500	
0.930937500	
0.936312500	
0.941687500	
0.947125000	
0.952625000	
0.957937500	
0.963375000	
0.968687500	
0.974125000	
0.979375000	
0.984687500	
0.990312500	
0.995750000	
1.001500000	
1.007312500	
1.013375000	
1.019562500	
1.025875000	
