0.238125000
0.242750000
0.248375000
0.253812500
0.259687500
0.265187500
0.271125000
0.276812500
0.282375000
0.288062500
0.293687500
0.299312500
0.304937500
0.310500000
0.316062500
0.321562500
0.327062500
0.332437500
0.338000000
0.343500000
0.348812500
0.354250000
0.359562500
0.364875000
0.370125000
0.375375000
0.380562500
0.385687500
0.390750000
0.395875000
0.400875000
0.405875000
0.410937500
0.416000000
0.421000000
0.426125000
0.431375000
0.436687500
0.442187500
0.447812500
0.453625000
0.459687500
0.481375000
0.485875000
0.490937500
0.496000000
0.501062500
0.506000000
0.511062500
0.516062500
0.521062500
0.526062500
0.531125000
0.536125000
0.541125000
0.546187500
0.551250000
0.556375000
0.561312500
0.566500000
0.571437500
0.576500000
0.581625000
0.587000000
0.592062500
0.597375000
0.602562500
0.608000000
0.613500000
0.619187500
0.625000000
0.631562500
0.638625000
0.646500000
0.657000000
0.668062500
0.673937500
0.681250000
0.687312500
0.693250000
0.699500000
0.705437500
0.711250000
0.717000000
0.722500000
0.728187500
0.733812500
0.739437500
0.745062500
0.750750000
0.756437500
0.762125000
0.767812500
0.773500000
0.779125000
0.784937500
0.790750000
0.796812500
0.802812500
0.808750000
0.814875000
0.821000000
0.827250000
0.833687500
0.839750000
0.845750000
0.851625000
0.857500000
0.863312500
0.868875000
0.874500000
0.880125000
0.885750000
0.891312500
0.897187500
0.902875000
0.908562500
0.914250000
0.919937500
0.925750000
0.931500000
0.937000000
0.942875000
0.948687500
0.955500000
1.100437500
1.105062500
1.110750000
1.116437500
1.122187500
1.128062500
1.133937500
1.139875000
1.145937500
1.151812500
1.157750000
1.164000000
1.170125000
1.176375000
1.182625000
1.188875000
1.195187500
1.201500000
1.207812500
1.214062500
1.220437500
1.226750000
1.233062500
1.239375000
1.245687500
1.251937500
1.258250000
1.264437500
1.270687500
1.276937500
1.283125000
1.289312500
1.295500000
1.301625000
1.307750000
1.313937500
1.320062500
1.326187500
1.332312500
1.338437500
1.344562500
1.350687500
1.356875000
1.363062500
1.369312500
1.375500000
1.381687500
1.387875000
1.394187500
1.400562500
1.407000000
1.413500000
1.420000000
1.426500000
1.433187500
1.439750000
1.446250000
1.452750000
1.459125000
1.464937500
1.471250000
1.477250000
1.483062500
1.489687500
1.635375000
1.639937500
1.645937500
1.651750000
1.657875000
1.663750000
1.669750000
1.675750000
1.681750000
1.687937500
1.693875000
1.700125000
1.706125000
1.712187500
1.718312500
1.724500000
1.731000000
1.737000000
1.743562500
1.749562500
1.756000000
1.762250000
1.768500000
1.774875000
1.781125000
1.787562500
1.793875000
1.800312500
1.806687500
1.813000000
1.819375000
1.825687500
1.832062500
1.838437500
1.844812500
1.851250000
1.857625000
1.864062500
1.870500000
1.877000000
1.883500000
1.890000000
1.896500000
1.903000000
1.909562500
1.916062500
1.922562500
1.928937500
1.935312500
1.941812500
1.948250000
1.954750000
1.961062500
1.967500000
1.974187500
