0.225362
0.229863
0.235050
0.240175
0.245238
0.250363
0.255550
0.260738
0.265988
0.271425
0.276800
0.282238
0.287800
0.293488
0.299238
0.305050
0.310925
0.316863
0.322925
0.328925
0.334863
0.340738
0.346550
0.352363
0.358050
0.363738
0.369300
0.374925
0.380425
0.385863
0.391363
0.396863
0.402425
0.407988
0.413550
0.419113
0.424738
0.430300
0.435863
0.441425
0.446988
0.452550
0.458175
0.463738
0.469300
0.474863
0.480425
0.485925
0.491300
0.496675
0.501988
0.507300
0.512487
0.517738
0.522925
0.528050
0.533175
0.538300
0.543362
0.548425
0.553425
0.558362
0.563300
0.568175
0.573050
0.577925
0.582738
0.587550
0.592300
0.597113
0.601862
0.606613
0.611300
0.615988
0.620738
0.625425
0.630113
0.634863
0.639550
0.644425
0.649425
0.654675
0.660050
0.665613
0.671362
0.751300
0.756738
0.762550
0.768425
0.774175
0.779988
0.785737
0.791425
0.797050
0.802675
0.808300
0.813925
0.819613
0.825238
0.830987
0.836675
0.842425
0.848237
0.853988
0.859862
0.865800
0.871925
0.878425
0.885550
0.928300
0.940675
1.010550
1.015238
1.022050
1.027800
1.033988
1.040050
1.046113
1.052175
1.058237
1.064237
1.070300
1.076363
1.082363
1.088363
1.094363
1.100363
1.106300
1.112238
1.118175
1.124050
1.129925
1.135738
1.141550
1.147300
1.152925
1.158488
1.164050
1.169550
1.174988
1.180363
1.185800
1.191175
1.196550
1.201925
1.207363
1.212738
1.218112
1.223550
1.229050
1.234675
1.240363
1.246175
1.251988
1.257863
1.263675
1.269925
1.274800
1.285488
1.292300
1.296363
1.302988
1.307988
1.313675
1.319238
1.324738
1.330175
1.335738
1.341175
1.346675
1.352175
1.357675
1.363175
1.368613
1.374113
1.379613
1.385113
1.390738
1.396488
1.402175
1.408050
1.414113
1.420300
1.426800
1.433550
1.439237
1.444862
1.450487
1.455988
1.461363
1.466675
1.472112
1.477488
1.482863
1.488363
1.493800
1.499300
1.504800
1.510363
1.515925
1.521488
1.527050
1.532550
1.538175
1.543800
1.549425
1.555113
1.560800
1.566550
1.572300
1.578175
1.583988
1.589925
1.595863
1.601800
1.607800
1.613863
1.619925
1.626113
1.632300
1.638488
1.644800
1.651050
1.657612
1.664113
1.670488
1.676925
1.683237
1.689863
1.696613
1.702487
1.714550
1.721737
1.727113
1.733737
1.739550
1.745863
1.751925
1.758050
1.764300
1.770612
1.776925
1.783363
1.789862
1.796425
1.803113
1.809925
1.816613
1.823238
1.829800
1.836113
1.842425
1.848488
1.854613
1.860613
1.866863
1.873300
1.879613
1.886238
1.893238
1.900300
1.963113
1.967613
1.973613
1.979488
1.985362
1.991300
1.997238
2.003175
2.009175
2.015050
2.021050
2.026988
2.033050
2.039050
2.045175
2.051363
2.057550
2.063613
2.069925
2.076238
2.082737
2.089300
2.095925
2.102675
2.109863
2.238675
2.243800
2.249550
2.255362
2.261300
2.267362
2.273425
2.279488
2.285550
2.291675
2.297800
2.303925
2.310050
2.316175
2.322300
2.328362
2.334487
2.340613
2.346738
2.352863
2.358988
2.365113
2.371300
2.377425
2.383612
2.389800
2.396050
2.402238
2.408550
2.414862
2.421175
2.427488
2.433800
2.440113
2.446487
2.452925
2.459300
2.465737
2.472237
2.478613
2.485113
2.491550
2.498050
2.504488
2.510988
2.517425
2.523862
2.530300
2.536800
2.543300
2.549800
2.556363
2.562925
2.569675
2.576550
2.583613
