0.116062500
0.221500000	
0.227312500
0.233437500
0.239500000
0.245250000
0.250937500
0.256687500
0.262375000
0.268187500
0.274000000
0.279687500
0.285250000
0.290875000
0.296625000
0.302187500
0.307875000
0.313375000
0.318875000
0.324375000
0.329812500
0.335250000
0.340625000
0.345937500
0.351187500
0.356437500
0.361687500
0.366812500
0.371937500
0.377062500
0.382187500
0.387250000
0.392312500
0.397500000
0.402625000
0.407812500
0.413062500
0.418437500
0.423875000
0.429437500
0.435062500
0.440812500
0.446562500
0.452562500
0.540125000
0.544875000
0.550000000
0.555312500
0.560625000
0.566062500
0.571500000
0.577000000
0.582562500
0.588125000
0.593687500
0.599312500
0.605000000
0.610687500
0.616437500
0.622250000
0.628000000
0.633812500
0.639687500
0.645562500
0.651437500
0.657312500
0.663250000
0.669125000
0.675062500
0.681000000
0.687000000
0.693062500
0.699187500
0.705375000
0.711750000
0.718375000
0.725500000
0.769812500
0.775187500
0.780875000
0.786687500
0.792562500
0.798375000
0.804437500
0.810562500
0.816687500
0.822750000
0.828875000
0.835000000
0.841062500
0.847125000
0.853250000
0.859500000
0.865937500
0.872500000
0.879250000
0.886250000
0.893437500
0.930750000
0.936187500
0.941875000
0.947562500
0.953375000
0.959125000
0.965000000
0.970875000
0.976687500
0.982562500
0.988437500
0.994375000
1.000312500
1.006187500
1.012000000
1.017687500
1.023437500
1.029187500
1.035000000
1.040750000
1.046562500
1.052375000
1.058250000
1.064062500
1.069937500
1.075875000
1.081750000
1.087937500
1.094187500
1.100625000
1.107250000
1.114125000
1.121187500
1.147062500
1.152812500
1.158875000
1.165000000
1.171250000
1.177500000
1.183812500
1.190187500
1.196625000
1.203062500
1.209562500
1.216062500
1.222500000
1.229000000
1.235562500
1.242062500
1.248687500
1.255312500
1.261812500
1.268437500
1.275125000
1.281750000
1.288500000
1.463812500
1.469750000
1.476187500
1.482812500
1.489312500
1.495875000
1.502750000
1.509437500
1.516187500
1.522937500
1.529750000
1.536625000
1.543500000
1.550375000
1.557250000
1.564125000
1.571062500
1.578062500
1.585000000
1.591937500
1.598875000
1.605812500
1.612750000
1.619500000
1.626437500
1.633312500
1.640125000
1.647062500
1.653875000
1.660625000
1.667437500
1.674187500
1.681000000
1.687750000
1.694625000
1.701812500
