0.222375000	
0.226937500	
0.232125000	
0.237250000	
0.242375000	
0.247562500	
0.252625000	
0.257750000	
0.262875000	
0.267937500	
0.273187500	
0.278437500	
0.284000000	
0.289750000	
0.295562500	
0.301437500	
0.307562500	
0.313437500	
0.319250000	
0.325812500	
0.330375000	
0.337437500	
0.343000000	
0.348875000	
0.354500000	
0.360000000	
0.365500000	
0.370875000	
0.376250000	
0.381562500	
0.386875000	
0.392062500	
0.397312500	
0.402312500	
0.407437500	
0.412500000	
0.417625000	
0.422875000	
0.428125000	
0.433250000	
0.438875000	
0.444437500	
0.450437500	
0.456812500	
0.570312500	
0.578250000	
0.584312500	
0.589625000	
0.594812500	
0.600000000	
0.605062500	
0.610187500	
0.615125000	
0.620125000	
0.625062500	
0.630125000	
0.635125000	
0.640000000	
0.645062500	
0.650000000	
0.655062500	
0.660000000	
0.665000000	
0.670062500	
0.674937500	
0.679937500	
0.684937500	
0.689875000	
0.694937500	
0.700000000	
0.705250000	
0.710375000	
0.715562500	
0.721062500	
0.726437500	
0.732000000	
0.737750000	
0.743500000	
0.749250000	
0.755062500	
0.760750000	
0.766375000	
0.772000000	
0.777500000	
0.782812500	
0.788187500	
0.793625000	
0.798937500	
0.804187500	
0.809625000	
0.815062500	
0.820437500	
0.826000000	
0.831562500	
0.837187500	
0.842750000	
0.848312500	
0.853937500	
0.859625000	
0.865562500	
0.871187500	
0.876875000	
0.882812500	
0.888750000	
0.894750000	
0.900625000	
0.906750000	
0.913000000	
0.919250000	
0.925562500	
0.931687500	
0.937625000	
0.943812500	
0.949812500	
0.955687500	
0.961687500	
0.967625000	
0.973562500	
0.979375000	
0.985375000	
0.991250000	
0.997187500	
1.003187500	
1.008937500	
1.014875000	
1.020812500	
1.026812500	
1.032937500	
1.038375000	
1.044312500	
1.050187500	
1.056062500	
1.061812500	
1.067437500	
1.073187500	
1.078937500	
1.084687500	
1.090312500	
1.095812500	
1.101562500	
1.107062500	
1.112875000	
1.118250000	
1.123937500	
1.129437500	
1.135125000	
1.140687500	
1.146375000	
1.152000000	
1.157750000	
1.163312500	
1.169000000	
1.174687500	
1.180375000	
1.186062500	
1.191812500	
1.197500000	
1.203312500	
1.208937500	
1.214812500	
1.220875000	
1.226687500	
1.232437500	
1.238312500	
1.244125000	
1.250187500	
1.255875000	
1.261750000	
1.267687500	
1.273625000	
1.279562500	
1.285562500	
1.291437500	
1.297312500	
1.303187500	
1.309125000	
1.315000000	
1.320500000	
1.326375000	
1.332250000	
1.338187500	
1.344125000	
1.350437500	
1.356375000	
1.362125000	
1.367437500	
1.372937500	
1.378000000	
1.383000000	
1.387937500	
1.392875000	
1.397750000	
1.402625000	
1.407437500	
1.412312500	
1.417125000	
1.422062500	
1.427000000	
1.432125000	
1.437187500	
1.442125000	
1.447312500	
1.452562500	
1.458000000	
1.463687500	
1.469687500	
1.548375000	
1.554062500	
1.559812500	
1.565437500	
1.571250000	
1.576687500	
1.582375000	
1.587625000	
1.593250000	
1.598687500	
1.604125000	
1.609750000	
1.615250000	
1.620812500	
1.626375000	
1.632062500	
1.637750000	
1.643375000	
1.649250000	
1.654937500	
1.660625000	
1.666312500	
1.672125000	
1.677812500	
1.683625000	
1.689312500	
1.695062500	
1.700750000	
1.706437500	
1.712062500	
1.717937500	
1.723500000	
1.729125000	
1.734812500	
1.740250000	
1.745937500	
1.751437500	
1.757000000	
1.762687500	
1.768187500	
1.773687500	
1.779187500	
1.784750000	
1.790375000	
1.796375000	
1.911937500	
1.917375000	
1.922875000	
1.928187500	
1.933875000	
1.939312500	
1.944875000	
1.950750000	
1.956125000	
1.961625000	
1.967437500	
1.972937500	
1.978687500	
1.984250000	
1.989812500	
1.995375000	
2.001125000	
2.006812500	
2.012500000	
2.018250000	
2.024125000	
2.030312500	
2.036375000	
2.042625000	
2.048812500	
2.054875000	
2.061000000	
2.066812500	
2.072375000	
2.078187500	
2.083687500	
2.089312500	
2.094875000	
2.100625000	
2.106250000	
2.111937500	
2.117750000	
2.123437500	
2.129312500	
2.135250000	
2.141125000	
2.147125000	
2.152937500	
2.158875000	
2.164812500	
2.170687500	
2.176687500	
2.182500000	
2.188312500	
2.194250000	
2.200187500	
2.206187500	
2.212125000	
2.218312500	
2.224312500	
2.230250000	
2.236437500	
2.242562500	
2.248562500	
2.254562500	
2.260625000	
2.266687500	
2.272875000	
2.278875000	
2.285000000	
2.290937500	
2.297000000	
2.303062500	
2.309000000	
2.314937500	
2.321000000	
2.326875000	
2.332812500	
2.338687500	
2.344687500	
2.350625000	
2.356687500	
2.362625000	
2.368625000	
2.374500000	
2.380562500	
2.386562500	
2.392562500	
2.398562500	
2.404687500	
2.410625000	
2.416750000	
2.423125000	
2.429812500	
2.613125000	
2.617625000	
2.623625000	
2.629437500	
2.635187500	
2.641062500	
2.646812500	
2.652750000	
2.658562500	
2.664312500	
2.670250000	
2.676250000	
2.682437500	
2.866250000	
2.872000000	
2.877750000	
2.883937500	
2.889875000	
2.896000000	
2.902000000	
2.908125000	
2.914062500	
2.920125000	
2.926312500	
2.932437500	
2.938750000	
2.945000000	
2.951187500	
2.957500000	
2.963687500	
2.970000000	
2.976375000	
2.982625000	
2.988875000	
2.995125000	
3.001875000	
3.008437500	
3.015125000	
3.021937500	
3.028437500	
3.035000000	
3.041500000	
3.047812500	
3.054250000	
3.060500000	
3.066875000	
3.073250000	
3.079562500	
3.085812500	
3.092312500	
3.098437500	
3.104937500	
3.111125000	
3.117437500	
3.123812500	
3.130062500	
3.136437500	
3.142687500	
3.149062500	
3.155375000	
3.161937500	
