0.089687500
0.217437500
0.223125000
0.228812500
0.234375000
0.239875000
0.245437500
0.250937500
0.256437500
0.261937500
0.267375000
0.272750000
0.278187500
0.283562500
0.288937500
0.294187500
0.299437500
0.304625000
0.309875000
0.315125000
0.320187500	
0.325437500	
0.330625000	
0.365437500	
0.370000000
0.374562500
0.379125000
0.383687500
0.388187500
0.392750000
0.397250000
0.401812500
0.406437500
0.411062500
0.415812500
0.420500000
0.425312500
0.430187500
0.435250000
0.440375000
0.445687500
0.451187500
0.456750000
0.462312500
0.467937500
0.473687500
0.479562500
0.544062500
0.548750000
0.553812500
0.559062500
0.564375000
0.569750000
0.575250000
0.580687500
0.586187500
0.591687500
0.597250000
0.602875000
0.608562500
0.614250000
0.620000000
0.625750000
0.631437500
0.637187500
0.642937500
0.648750000
0.654437500
0.660187500
0.665937500
0.671625000
0.677375000
0.683125000
0.688875000
0.694625000
0.700437500
0.706250000
0.712250000
0.718312500
0.882250000
0.887562500
0.893000000
0.898625000
0.904312500
0.910000000
0.915812500
0.921687500
0.927625000
0.933625000
0.939625000
0.945625000
0.951562500
0.957562500
0.963500000
0.969437500
0.975375000
0.981312500
0.987250000
0.993250000
0.999250000
1.005187500
1.011250000
1.017250000
1.023250000
1.029250000
1.035187500
1.041125000
1.047062500
1.053000000
1.058875000
1.064750000
1.070625000
1.076437500
1.082312500
1.088125000
1.093875000
1.099875000
1.105812500
1.111812500
1.117875000
1.124125000
1.130312500
1.136812500
1.310750000
1.316312500
1.321812500
1.327375000
1.333000000
1.338625000
1.344312500
1.349937500
1.355625000
1.361312500
1.366937500
1.372562500
1.378125000
1.383750000
1.389437500
1.395062500
1.400812500
1.406562500
1.412375000
1.418125000
1.423875000
1.429750000
1.435500000
1.441250000
1.447000000
1.452812500
1.458625000
1.464437500
1.470312500
1.476187500
1.482125000
1.488125000
1.494187500
1.500187500
1.506250000
1.512250000
1.518375000
1.524437500
1.530500000
1.536687500
1.542750000
1.548875000
1.555000000
1.561187500
1.567375000
1.573562500
1.579750000
1.585937500
1.592125000
1.598312500
1.604500000
1.610687500
1.616875000
1.623000000
1.629187500
1.635375000
1.641625000
1.647812500
1.653937500
1.660062500
1.666125000
1.672250000
1.678437500
1.684500000
1.690562500
1.696625000
1.702750000
1.708812500
1.714875000
1.721062500
1.727250000
1.733812500
1.740812500
1.748687500
1.757937500
1.766500000
1.776375000
1.789437500
1.799937500
1.807875000
1.814625000
1.821437500
1.827937500
1.834375000
1.840812500
1.847187500
1.853562500
1.859937500
1.866375000
1.872750000
1.879062500
1.885312500
1.891562500
1.897875000
1.904125000
1.910437500
1.916687500
1.923187500
1.929437500
1.935812500
1.942187500
1.948562500
1.955125000
1.961187500
1.967437500
1.973687500
1.979875000
1.986000000
1.992312500
1.998562500
2.004875000
2.011250000
2.017687500
2.024187500
2.030687500
2.037187500
2.043687500
2.050250000
2.056812500
2.063375000
2.069875000
2.076500000
2.083125000
2.089750000
2.096437500
2.103187500
2.110000000
2.117000000
2.123937500
2.130812500
2.137562500
2.144250000
2.150937500
2.157625000
2.164312500
2.171000000
2.177687500
2.184437500
2.191187500
2.198000000
2.204812500
2.211625000
2.218437500
2.225250000
2.232062500
2.239000000
