0.219750000
0.226500000
0.231562500
0.237750000
0.242875000
0.248937500
0.254437500
0.260250000
0.265937500
0.271750000
0.277437500
0.283187500
0.289187500
0.294812500
0.300500000
0.306250000
0.311937500
0.317687500
0.323437500
0.329187500
0.334875000
0.340625000
0.346375000
0.352125000
0.357750000
0.363500000
0.369187500
0.374750000
0.380375000
0.386000000
0.391562500
0.397125000
0.402625000
0.408125000
0.413625000
0.419062500
0.424437500
0.429625000
0.434875000
0.440312500
0.445875000
0.450875000
0.456187500
0.461687500
0.466937500
0.472250000
0.477500000
0.482937500
0.488500000
0.494125000
0.499875000
0.510687500
0.525875000
0.541437500
0.553562500
0.562375000
0.570312500
0.575937500
0.581750000
0.587500000
0.592875000
0.598312500
0.603875000
0.609437500
0.615062500
0.620625000
0.626375000
0.632250000
0.637937500
0.643812500
0.649437500
0.655062500
0.660875000
0.666500000
0.672125000
0.677750000
0.683312500
0.689062500
0.694500000
0.700125000
0.705937500
0.711750000
0.717687500
0.723812500
0.729812500
0.736187500
0.742625000
0.850562500
0.855187500
0.860687500
0.866375000
0.871937500
0.877562500
0.883187500
0.888937500
0.894625000
0.900375000
0.906187500
0.911937500
0.917812500
0.923625000
0.929437500
0.935250000
0.941125000
0.947000000
0.952875000
0.958750000
0.964687500
0.970625000
0.976562500
0.982500000
0.988500000
0.994500000
1.000500000
1.006500000
1.012500000
1.018500000
1.024437500
1.030375000
1.036312500
1.042187500
1.048062500
1.053937500
1.059812500
1.065687500
1.071562500
1.077437500
1.083312500
1.089187500
1.095125000
1.100812500
1.107000000
1.113250000
1.119812500
1.126687500
1.133812500
1.175750000
1.180875000
1.186875000
1.192875000
1.198937500
1.205062500
1.211250000
1.217437500
1.223687500
1.230062500
1.236312500
1.242687500
1.249062500
1.255437500
1.261875000
1.268187500
1.274562500
1.281000000
1.287437500
1.293812500
1.300125000
1.306437500
1.312687500
1.318875000
1.325000000
1.331000000
1.336875000
1.342687500
1.348437500
1.354125000
1.359687500
1.365000000
1.370562500
1.376187500
1.381812500
1.388125000
1.573125000
1.578187500
1.584062500
1.589750000
1.595375000
1.601125000
1.607000000
1.612750000
1.618437500
1.624187500
1.629750000
1.635625000
1.641250000
1.647000000
1.652875000
1.658687500
1.664250000
1.670062500
1.675937500
1.681875000
1.687812500
1.693812500
1.699750000
1.706125000
1.712875000
1.737000000
1.742500000
1.748500000
1.754375000
1.760312500
1.766250000
1.772187500
1.778187500
1.784312500
1.790500000
1.796750000
1.803062500
1.809437500
1.815875000
1.822375000
1.828812500
1.835312500
1.841812500
1.848375000
1.854875000
1.861437500
1.868000000
1.874562500
1.881062500
1.887562500
1.894062500
1.900562500
1.907000000
1.913125000
1.919562500
1.926250000
2.023750000
2.029812500
2.036125000
2.042500000
2.048875000
2.055312500
2.061812500
2.068312500
2.074937500
2.081500000
2.088125000
2.094812500
2.101562500
2.108312500
2.115062500
2.121812500
2.128562500
2.135312500
2.142000000
2.148500000
2.155125000
2.161375000
2.168250000
2.174812500
2.181500000
