0.1163125
0.120875
0.1255
0.1303125
0.1353125
0.140625
0.2270625
0.231875
0.23675
0.24175
0.24675
0.2518125
0.256875
0.261875
0.2669375
0.2720625
0.277125
0.2823125
0.2874375
0.2925625
0.29775
0.3029375
0.308125
0.3133125
0.3185625
0.3238125
0.329
0.33425
0.3394375
0.34475
0.35
0.35525
0.3605625
0.3658125
0.3710625
0.37625
0.381375
0.3865
0.391625
0.3966875
0.4016875
0.40675
0.41175
0.4166875
0.421625
0.4265
0.431375
0.4361875
0.441125
0.446125
0.451125
0.4561875
0.4611875
0.4661875
0.471125
0.4760625
0.4809375
0.48575
0.4905
0.49525
0.499875
0.504375
0.508875
0.51325
0.517625
0.5218125
0.526
0.53025
0.5345
0.538625
0.543
0.547125
0.55125
0.5555
0.559625
0.563875
0.568125
0.57225
0.576375
0.5806875
0.584875
0.58925
0.593625
0.5978125
0.60225
0.6065
0.611
0.61525
0.619625
0.6240625
0.628375
0.6329375
0.637375
0.6418125
0.6463125
0.65075
0.65525
0.6598125
0.6643125
0.6688125
0.6733125
0.6778125
0.6823125
0.6868125
0.6913125
0.695875
0.700375
0.7049375
0.7094375
0.714
0.7185
0.7230625
0.7275
0.7320625
0.7365
0.741
0.7455
0.7499375
0.7544375
0.7589375
0.7634375
0.7680625
0.7726875
0.7773125
0.7820625
0.7868125
0.791625
0.7964375
0.80125
0.8060625
0.810875
0.8156875
0.8205625
0.8254375
0.830375
0.8353125
0.84025
0.84525
0.85025
0.8551875
0.8600625
0.865
0.8698125
0.874625
0.879375
0.884125
0.8888125
0.8934375
0.8980625
0.9026875
0.9073125
0.912
0.9166875
0.921375
0.926125
0.9309375
0.93575
0.940625
0.9456875
0.95125
1.0935625
1.0983125
1.103125
1.108
1.1129375
1.1178125
1.1228125
1.12775
1.1326875
1.1376875
1.1426875
1.1476875
1.1526875
1.1576875
1.16275
1.16775
1.17275
1.1778125
1.1828125
1.1878125
1.1928125
1.1978125
1.20275
1.20775
1.21275
1.217875
1.22325
1.22875
1.23425
1.239875
1.245375
1.2508125
1.2560625
1.26125
1.266375
1.271375
1.2764375
1.2815
1.286625
1.29175
1.296875
1.3020625
1.3071875
1.312375
1.317625
1.3228125
1.3280625
1.3333125
1.338625
1.343875
1.3491875
1.3545
1.3598125
1.3651875
1.3705625
1.3759375
1.3813125
1.3866875
1.3920625
1.3974375
1.4028125
1.4081875
1.4135625
1.4189375
1.4243125
1.429625
1.435
1.440375
1.44575
1.4511875
1.4565625
1.4619375
1.46725
1.472625
1.4780625
1.483375
1.48875
1.494125
1.4994375
1.5048125
1.51025
1.51575
1.5211875
1.5266875
1.532125
1.537625
1.543125
1.548625
1.554125
1.559625
1.565125
1.570625
1.5760625
1.5815625
1.5870625
1.5925625
1.5980625
1.6035625
1.609
1.6145
1.6199375
1.625375
1.6308125
1.63625
1.6416875
1.6470625
1.6525
1.6579375
1.663375
1.6688125
1.6741875
1.679625
1.685
1.6903125
1.6956875
1.7010625
1.7064375
1.711875
1.7173125
1.72275
1.7281875
1.7336875
1.739125
1.7446875
1.7501875
1.75575
1.761375
1.767
1.7725625
1.77825
1.783875
1.7896875
1.795375
1.801125
1.8068125
1.8125625
1.8183125
1.8240625
1.829875
1.83575
1.8420625
1.9379375
1.94275
1.9483125
1.9538125
1.959375
1.965
1.970625
1.97625
1.981875
1.9875625
1.993125
1.99875
2.0043125
2.01
2.0156875
2.0213125
2.0270625
2.0326875
2.0384375
2.0441875
2.049875
2.0556875
2.0615
2.06725
2.073125
2.0789375
2.084625
2.0904375
2.09625
2.1019375
2.1076875
2.1134375
2.1190625
2.1246875
2.13025
2.1358125
2.1413125
2.1468125
2.1523125
2.15775
2.163125
2.1685
2.173875
2.1791875
2.1845
2.1898125
2.195125
2.2005625
2.2060625
2.2116875
2.2173125
2.223
2.22875
2.2345625
2.2404375
2.246125
2.251625
2.25725
2.262875
2.2685
2.274125
2.27975
2.285375
2.291
2.2965625
2.3020625
2.3075
2.313
2.3185
2.324
2.3295
2.3349375
2.3405
2.3459375
2.3515
2.357
2.3625
2.368
2.3735625
2.3790625
2.384625
2.3901875
2.3956875
2.40125
2.4068125
2.4123125
2.4179375
2.4235
2.4290625
2.4345625
2.4400625
2.4456875
2.45125
2.4568125
2.462375
2.468
2.4735625
2.4791875
2.48475
2.490375
2.496
2.5016875
2.507375
2.5130625
2.51875
2.5244375
2.530125
2.5358125
2.5415625
2.547375
2.553125
2.5588125
2.5645625
2.57025
2.576
2.58175
2.5875625
2.59325
2.599125
2.604875
2.61075
2.6165625
2.6224375
2.62825
2.634125
2.64
2.6458125
2.65175
2.657625
2.6635
2.6695
2.6754375
2.6814375
2.687375
2.6933125
2.6993125
2.70525
2.7111875
2.7171875
2.7231875
2.729125
2.735125
2.7410625
2.7470625
2.7529375
2.7589375
2.7648125
2.7706875
2.7765
2.782375
2.7881875
2.794125
2.8
2.8058125
2.81175