0.114875
0.230750
0.236000
0.241313
0.246250
0.251437
0.256375
0.261313
0.266188
0.271125
0.276062
0.281000
0.286063
0.291063
0.296187
0.301250
0.306312
0.311375
0.316375
0.321313
0.326250
0.331125
0.336000
0.340938
0.345813
0.350750
0.355687
0.360563
0.365563
0.370500
0.375500
0.380500
0.385562
0.390688
0.395813
0.401000
0.406187
0.411563
0.417063
0.422750
0.428500
0.434375
0.440313
0.446000
0.451437
0.456750
0.461938
0.467000
0.472125
0.477063
0.482000
0.486938
0.491875
0.496812
0.501750
0.506813
0.512000
0.517312
0.522938
0.528813
0.534937
0.541375
0.548063
0.606875
0.612000
0.617250
0.622500
0.627750
0.633000
0.638312
0.643625
0.648875
0.654188
0.659500
0.664750
0.670000
0.675250
0.680438
0.685625
0.690750
0.695875
0.701000
0.706250
0.711437
0.716750
0.722250
0.727812
0.733500
0.739375
0.862625
0.867188
0.871938
0.876812
0.881625
0.886563
0.891500
0.896500
0.901625
0.906687
0.911875
0.917063
0.922250
0.927562
0.932813
0.938125
0.943375
0.948625
0.953875
0.959063
0.964250
0.969500
0.974625
0.979750
0.985000
0.990250
0.995938
1.072437
1.076625
1.081875
1.087188
1.092500
1.097813
1.103188
1.108625
1.114063
1.119563
1.125125
1.130750
1.136438
1.142250
1.148250
1.154313
1.160500
1.166813
1.172875
1.178813
1.184687
1.190625
1.196625
1.202563
1.208625
1.214625
1.220750
1.226875
1.233000
1.239125
1.245250
1.251375
1.257500
1.263625
1.269688
1.275688
1.281750
1.287750
1.293750
1.299750
1.305813
1.311875
1.317625
1.323875
1.330062
1.336250
1.342438
1.348625
1.354813
1.361375
1.366813
1.377688
1.382937
1.396562
1.493937
1.509688
1.520812
1.526688
1.532250
1.537813
1.543438
1.549063
1.554688
1.560313
1.566000
1.571563
1.577125
1.582750
1.588437
1.594062
1.599625
1.605250
1.610875
1.616500
1.622187
1.627875
1.633625
1.639375
1.645188
1.651000
1.656938
1.662875
1.668875
1.674938
1.680938
1.686813
1.692563
1.698250
1.703938
1.709625
1.715313
1.721000
1.726687
1.732375
1.738063
1.743750
1.749438
1.755125
1.760750
1.766438
1.772125
1.777750
1.783375
1.788938
1.794563
1.800188
1.805750
1.811313
1.817063
1.823063
1.935938
1.940313
1.945812
1.951437
1.957000
1.962625
1.968188
1.973813
1.979438
1.985188
1.990875
1.996500
2.002187
2.007813
2.013500
2.019125
2.024750
2.030438
2.036062
2.041750
2.047375
2.052938
2.058562
2.064125
2.069688
2.075250
2.080813
2.086375
2.091875
2.097375
2.102813
2.108250
2.113625
2.119063
2.124500
2.129938
2.135500
2.141188
2.146937
2.152875
2.158875
2.164813
2.170812
2.176750
2.182625
2.188375
2.194125
2.199813
2.205375
2.211000
2.216625
2.222250
2.228000
2.233625
2.239375
2.245188
2.251000
2.256750
2.262563
2.268375
2.274313
2.280250
2.286250
2.292250
2.298313
2.304375
2.310437
2.316500
2.322687
2.328813
2.335000
2.341188
2.347375
2.353687
2.360000
2.366375
2.372625
2.378938
2.385250
2.391563
2.398000
2.404250
2.410563
2.416875
2.423125
2.429438
2.435687
2.441875
2.448125
2.454312
2.460500
2.466813
2.473063
2.479250
2.485500
2.491687
2.498000
2.504188
2.510750
2.516875
2.528437
