0.119175
0.222988
0.227613
0.233237
0.238675
0.244050
0.249425
0.254800
0.260175
0.265488
0.270800
0.276113
0.281425
0.286675
0.291925
0.297113
0.302300
0.307488
0.312738
0.317925
0.323175
0.328363
0.333675
0.339050
0.344550
0.350300
0.356488
0.503175
0.508300
0.513550
0.518675
0.523925
0.529112
0.534363
0.539737
0.545050
0.550425
0.555863
0.561238
0.566675
0.572175
0.577738
0.583300
0.588925
0.594550
0.600175
0.605862
0.611550
0.617300
0.623050
0.628800
0.634613
0.640425
0.646300
0.652112
0.657863
0.663675
0.669488
0.675300
0.681113
0.686987
0.692863
0.698863
0.704987
0.711175
0.717612
0.724363
0.731738
0.739925
0.746300
0.759613
0.772988
0.786238
0.792488
0.798488
0.804362
0.810113
0.815800
0.821300
0.826800
0.832238
0.837738
0.843175
0.848675
0.854113
0.859613
0.865175
0.870675
0.876238
0.881800
0.887363
0.892988
0.898613
0.904238
0.909925
0.915613
0.921362
0.927175
0.932925
0.938738
0.944488
0.950238
0.955987
0.961675
0.967363
0.973050
0.978738
0.984425
0.990050
0.995738
1.001362
1.007050
1.012675
1.018300
1.023925
1.030175
1.162050
1.166925
1.171800
1.176738
1.181675
1.186675
1.191675
1.196738
1.201863
1.207050
1.212487
1.218363
1.225113
1.313300
1.318113
1.323363
1.328675
1.334050
1.339487
1.344988
1.350488
1.356175
1.361800
1.367550
1.373238
1.378925
1.384675
1.390425
1.396238
1.402113
1.407925
1.413800
1.419675
1.425550
1.431425
1.437363
1.443238
1.449113
1.455113
1.461113
1.467113
1.473175
1.479175
1.485238
1.491362
1.497425
1.503550
1.509738
1.515863
1.521988
1.527988
1.533988
1.539988
1.545988
1.551988
1.558113
1.564425
1.710863
1.716175
1.721550
1.726988
1.732425
1.737925
1.743425
1.748987
1.754550
1.760113
1.765738
1.771425
1.777050
1.782800
1.788550
1.794425
1.800300
1.806175
1.812175
1.818175
1.824238
1.830300
1.836488
1.842675
1.848988
1.855300
1.861613
1.867925
1.874300
1.880738
1.887113
1.893550
1.899925
1.906300
1.912675
1.919113
1.925488
1.931925
1.938363
1.944862
1.951488
1.958112
1.964863
1.971613
1.978363
1.985113
1.991925
1.998675
2.005488
