0.223425
0.227675
0.232113
0.236737
0.241487
0.246175
0.250863
0.255550
0.260175
0.264800
0.269425
0.274113
0.278738
0.283425
0.288050
0.292675
0.297300
0.301863
0.306363
0.310925
0.315425
0.319863
0.324300
0.328738
0.333113
0.337425
0.341738
0.346050
0.350363
0.354675
0.358925
0.363175
0.367425
0.371675
0.375925
0.380113
0.384363
0.388613
0.392800
0.396988
0.401175
0.405300
0.409550
0.413738
0.417925
0.422175
0.426425
0.430738
0.435050
0.439425
0.443800
0.448238
0.452675
0.457238
0.461800
0.466363
0.470988
0.475613
0.480300
0.485050
0.489800
0.494675
0.499488
0.504363
0.509363
0.514300
0.519300
0.524363
0.529488
0.534550
0.539737
0.544863
0.550050
0.555238
0.560425
0.565613
0.570863
0.576113
0.581300
0.586550
0.591800
0.597050
0.602237
0.607488
0.612675
0.617925
0.623175
0.628425
0.633675
0.638863
0.644112
0.649300
0.654550
0.659800
0.664988
0.670238
0.675425
0.680675
0.685863
0.691113
0.696425
0.701675
0.706925
0.712237
0.717550
0.722925
0.728237
0.733613
0.739050
0.744487
0.749925
0.755425
0.760925
0.766487
0.771988
0.777613
0.783112
0.788675
0.794238
0.799800
0.805362
0.810863
0.816425
0.821925
0.827488
0.833050
0.838550
0.844050
0.849550
0.855050
0.860550
0.866050
0.871487
0.876925
0.882363
0.887863
0.893425
0.898988
0.904613
0.910363
0.916175
0.922113
0.928238
0.934613
0.941300
0.963050
0.968113
0.973550
0.979050
0.984488
0.989925
0.995363
1.000863
1.006363
1.011925
1.017425
1.022987
1.028550
1.034050
1.039613
1.045175
1.050800
1.056300
1.061925
1.067487
1.073050
1.078675
1.084300
1.089925
1.095550
1.101175
1.106737
1.112362
1.117987
1.123488
1.129050
1.134550
1.139987
1.145425
1.150800
1.156175
1.161425
1.166738
1.171988
1.177300
1.183050
1.192238
1.345988
1.350863
1.355925
1.361175
1.366613
1.372238
1.378113
1.384113
1.390113
1.455863
1.460863
1.465925
1.471175
1.476363
1.481362
1.486675
1.491675
1.496925
1.502238
1.507238
1.512612
1.517863
1.522863
1.528050
1.533238
1.538425
1.543613
1.548800
1.553988
1.559238
1.564425
1.569675
1.574925
1.580175
1.585425
1.590675
1.595988
1.601363
1.606863
1.612425
1.618175
1.623925
1.629675
1.635488
1.641238
1.646988
1.652738
1.658425
1.664113
1.669675
1.675300
1.680925
1.686550
1.692175
1.697800
1.703488
1.709363
1.892488
1.897550
1.903425
1.909175
1.914925
1.920738
1.926550
1.932363
1.938238
1.943925
1.950050
1.955988
1.961863
1.967800
1.973488
1.979425
1.985425
1.991425
1.997362
2.003363
2.009300
2.015238
2.021238
2.027238
2.033237
2.039175
2.045237
2.050925
2.056800
2.062613
2.068487
2.074300
2.080112
2.085863
2.091675
2.097488
2.103238
2.108988
2.114737
2.120425
2.126238
2.131925
2.137738
2.143550
