0.2375
0.2419375
0.2466875
0.2515
0.256375
0.26125
0.2660625
0.2709375
0.275875
0.28075
0.285625
0.2905
0.295375
0.30025
0.3050625
0.31
0.314875
0.3198125
0.3246875
0.329625
0.3345625
0.3395
0.3444375
0.349375
0.354375
0.359375
0.364375
0.369375
0.374375
0.379375
0.3844375
0.389375
0.3944375
0.3994375
0.4045
0.4095
0.4145625
0.4195625
0.4245625
0.429625
0.434625
0.439625
0.4446875
0.44975
0.4549375
0.4600625
0.465375
0.47075
0.4769375
0.482875
0.4885625
0.4985
0.5141875
0.5233125
0.61275
0.6178125
0.6228125
0.6279375
0.633125
0.6383125
0.6435625
0.6486875
0.6539375
0.659125
0.6643125
0.6695
0.6746875
0.6798125
0.685
0.690125
0.695125
0.7001875
0.70525
0.71025
0.7151875
0.7200625
0.7249375
0.7298125
0.734625
0.7394375
0.744125
0.748875
0.7534375
0.758
0.762625
0.767125
0.77175
0.776375
0.780875
0.7855
0.7899375
0.7945
0.799125
0.8035625
0.807875
0.812625
0.817125
0.82175
0.826375
0.83075
0.835625
0.840125
0.844625
0.8495
0.854
0.85875
0.8635
0.8680625
0.872625
0.8773125
0.881875
0.886625
0.891375
0.896125
0.90125
1.0055
1.0100625
1.0148125
1.0196875
1.0248125
1.030625
1.1826875
1.186875
1.19175
1.1965
1.201375
1.20625
1.21125
1.21625
1.221375
1.2265
1.23175
1.237
1.2423125
1.2476875
1.2530625
1.2585
1.2639375
1.2694375
1.2749375
1.2804375
1.2859375
1.2915
1.2969375
1.302625
1.5784375
1.6746875
1.6799375
1.68475
1.689875
1.695
1.7000625
1.7051875
1.710375
1.7155625
1.72075
1.725875
1.7310625
1.7363125
1.7414375
1.7466875
1.751875
1.757125
1.7623125
1.7675625
1.7728125
1.7780625
1.7833125
1.788625
1.7939375
1.79925
1.804625
1.8100625
1.8155
1.821
1.8264375
1.831875
1.837375
1.8428125
1.8483125
1.8538125
1.8593125
1.8648125
1.8703125
1.87575
1.88125
1.88675
1.89225
1.8975
1.9030625
1.9089375
1.9148125
2.057125
2.0619375
2.066875
2.071875
2.076875
2.0819375
2.0870625
2.0921875
2.0974375
2.1028125
2.1084375
2.1144375
2.2391875
2.244
2.248875
2.2538125
2.2588125
2.26375
2.2688125
2.27375
2.278875
2.284125
2.44875
2.453625
2.458625
2.4636875
2.4688125
2.4739375
2.479125
2.4843125
2.4895625
2.49475
2.5
2.5051875
2.510375
2.515625
2.520875
2.526125
2.531375
2.5366875
2.5419375
2.54725
2.552625
2.5579375
2.5633125
2.5686875
2.574125
2.5795625
2.585
2.5905
2.596
2.6015
2.6070625
2.6125625
2.618125
2.6236875
2.62925
2.6348125
2.640375
2.646
2.6515625
2.6571875
2.66275
2.6683125
2.674
2.6795625
2.6851875
2.690875
2.6965
2.702125
2.70775
2.713375
2.7189375
2.7245625
2.7301875
2.7358125
2.7414375
2.747125
2.752875
2.7585625
2.7643125
2.7700625
2.77575
2.7815
2.7871875
2.793
2.79875
2.8045625
2.8103125
2.8160625
2.821875
2.8276875
2.8335
2.83925
2.8450625
2.8508125
2.8565
2.86225
2.868
2.87375
2.8795625
2.885375
2.891
2.89675
2.9025625
2.908375
2.9145625