0.217875000
0.222375000
0.226750000
0.231375000
0.235875000
0.240500000
0.245250000
0.249937500
0.254687500
0.259437500
0.264250000
0.269062500
0.273875000
0.278750000
0.283625000
0.288500000
0.293437500
0.298375000
0.303375000
0.308375000
0.313437500
0.318562500
0.323687500
0.328750000
0.333937500
0.339062500
0.344187500
0.349250000
0.354375000
0.359500000
0.364562500
0.369625000
0.374750000
0.379812500
0.385062500
0.390000000
0.395125000
0.400312500
0.405437500
0.410687500
0.415875000
0.421187500
0.426500000
0.431875000
0.437250000
0.564562500
0.569250000
0.573875000
0.578687500
0.583437500
0.588250000
0.592937500
0.597562500
0.602187500
0.606687500
0.611125000
0.615500000
0.619875000
0.624062500
0.628312500
0.632562500
0.636750000
0.641000000
0.645187500
0.649312500
0.653500000
0.657687500
0.661812500
0.665937500
0.670125000
0.674250000	
0.678375000
0.682500000
0.686625000
0.690750000
0.695000000
0.699187500
0.703500000
0.707937500
0.773562500
0.777812500
0.782062500
0.786312500
0.790750000
0.795187500
0.799625000
0.804187500
0.808687500
0.813250000
0.817812500
0.822375000
0.826937500
0.831562500
0.836062500
0.840625000
0.845250000
0.849875000
0.854500000
0.859187500
0.863750000
0.868500000
0.873062500
0.877750000
0.882437500
0.887062500
0.891812500
0.896437500
0.901250000
0.906187500
0.911250000
0.916312500
0.921250000
0.925937500
0.930562500
0.935187500
0.939625000
0.944125000
0.948687500
0.953250000
0.957750000
0.962312500
0.966875000
0.971500000
0.976125000
0.980687500
0.985250000
0.989937500
0.994562500
0.999250000
1.003937500
1.008687500
1.013562500
1.018625000
1.023937500
1.029437500
1.035000000
1.040687500
1.046375000
1.052187500
1.058000000
1.063937500
1.069937500
1.076062500
1.081812500
1.087000000
1.092437500
1.097750000
1.102875000
1.107937500
1.113187500
1.118375000
1.123562500
1.128812500
1.134125000
1.139375000
1.144625000
1.149875000
1.155187500
1.160500000
1.165812500
1.171125000
1.176437500
1.181750000
1.187250000
1.192437500
1.197812500
1.203125000
1.208500000
1.213875000
1.219375000
1.224750000
1.229937500
1.235312500
1.240812500
1.246000000
1.251312500
1.256812500
1.262125000
1.267312500
1.272625000
1.277937500
1.283250000
1.288562500
1.293812500
1.299125000
1.304437500
1.309750000
1.315250000
1.320750000
1.326437500
1.332187500
1.338312500
1.345687500
1.420000000
1.425187500
1.430562500
1.436062500
1.441875000
1.448125000
1.589937500
1.594937500
1.600437500
1.605750000
1.611125000
1.616625000
1.622062500
1.627500000
1.633062500
1.638562500
1.644125000
1.649687500
1.655312500
1.660937500
1.666562500
1.672125000
1.677750000
1.683375000
1.689000000
1.694625000
1.700250000
1.705875000
1.711437500
1.717125000
1.722750000
1.728375000
1.734000000
1.739562500
1.745312500
1.750875000
1.756625000
1.762125000
1.767812500
1.773437500
1.779312500
1.784812500
1.790937500
