0.219312500
0.224500000
0.229812500
0.235000000
0.240250000
0.245500000
0.250687500
0.255937500
0.261250000
0.266500000
0.271812500
0.277125000
0.282500000
0.287812500
0.293250000
0.298625000
0.304062500
0.309437500
0.314875000
0.320250000
0.325750000
0.331187500
0.336687500
0.342187500
0.347687500
0.353187500
0.358750000
0.364312500
0.369937500
0.375437500
0.381062500
0.386750000
0.392437500
0.398562500
0.404687500
0.410812500
0.417312500
0.423875000
0.430687500
0.437687500
0.467500000
0.472812500
0.478375000
0.484125000
0.489812500
0.495562500
0.501250000
0.507062500
0.512812500
0.518500000
0.524187500
0.529812500
0.535500000
0.541062500
0.546687500
0.552250000
0.557812500
0.563375000
0.568875000
0.574375000
0.579875000
0.585312500
0.590812500
0.596312500
0.601750000
0.607187500
0.612687500
0.618125000
0.623625000
0.629125000
0.634625000
0.640187500
0.645937500
0.651625000
0.658125000
0.746625000
0.752125000
0.757937500
0.764062500
0.770500000
0.776625000
0.783062500
0.789250000
0.795500000
0.801875000
0.808437500
0.814875000
0.821437500
0.828000000
0.834500000
0.841062500
0.847500000
0.854125000
0.860625000
0.867187500
0.873625000
0.880062500
0.886562500
0.893187500
0.899687500
0.906250000
0.912875000
0.919437500
0.926000000
0.932437500
0.939125000
0.945625000
0.952250000
0.958875000
0.970187500
0.980812500
1.057250000
1.063687500
1.069812500
1.076250000
1.082375000
1.088625000
1.094562500
1.100750000
1.107125000
1.113187500
1.119375000
1.125625000
1.131687500
1.137812500
1.144000000
1.150062500
1.156250000
1.162437500
1.168687500
1.174812500
1.181062500
1.187187500
1.193437500
1.199687500
1.205875000
1.212250000
1.218500000
1.225000000
1.231375000
1.237750000
1.244250000
1.250562500
1.257062500
1.263437500
1.269875000
1.276312500
1.282750000
1.289062500
1.295500000
1.302062500
1.308312500
1.314562500
1.321000000
1.327750000
1.334687500
1.340750000
1.345625000
1.352937500
1.357937500
1.485125000
1.490625000
1.496187500
1.501937500
1.507687500
1.513500000
1.519250000
1.524937500
1.530687500
1.536375000
1.542187500
1.547812500
1.553437500
1.559125000
1.564687500
1.570312500
1.575812500
1.581312500
1.586812500
1.592250000
1.597750000
1.603187500
1.608562500
1.614000000
1.619375000
1.624750000
1.630125000
1.635500000
1.640812500
1.646125000
1.651375000
1.656562500
1.661937500
1.667187500
1.672437500
1.677625000
1.683062500
1.688375000
1.693625000
1.699000000
1.704250000
1.709750000
1.715500000
1.721437500
1.727812500
1.735000000
1.741312500
1.749000000
1.754812500
1.761750000
1.767500000
1.773187500
1.778812500
1.784500000
1.790062500
1.795437500
1.801000000
1.806375000
1.811937500
1.817437500
1.822937500
1.828500000
1.834062500
1.839500000
1.845125000
1.850875000
1.856562500
1.862375000
1.868125000
1.874000000
1.879875000
1.885750000
1.891625000
1.897750000
1.904062500
1.910437500
1.916812500
1.923437500
1.929875000
1.936250000
1.942500000
1.948937500
1.955375000
1.961812500
1.968250000
1.974937500
1.981500000
1.988062500
1.994687500
2.001375000
2.007875000
2.014625000
2.021375000
2.028187500
2.034937500
2.041750000
2.048750000
2.055625000
2.062437500
2.069437500
2.076375000
2.083250000
2.090250000
2.097125000
2.104062500
2.110812500
2.117750000
2.124750000
2.131625000
2.138437500
2.145437500
2.152375000
2.159375000
2.166375000
2.173625000
2.181187500
2.188687500
2.196312500
2.202750000
2.208250000
2.221312500
2.237750000
2.246375000
2.254000000
2.261250000
2.267812500
2.274937500
2.282125000
2.288875000
2.295750000
2.302750000
2.309625000
2.316687500
2.324062500
2.402375000
2.408687500
2.415437500
2.421875000
2.428437500
2.434875000
2.441312500
2.447812500
2.454312500
2.460750000
2.467187500
2.473812500
2.480437500
2.487062500
2.493875000
2.501187500
2.658687500
2.664625000
2.670750000
2.677000000
2.683250000
2.689500000
2.695812500
2.702250000
2.708750000
2.715437500
2.722125000
2.729000000
2.735875000
2.742750000
2.749625000
2.756375000
2.763437500
2.770187500
2.777250000
2.784187500
2.791125000
2.798125000
2.805062500
2.812000000
2.818937500
2.825937500
2.832875000
2.839625000
2.846812500
2.853500000
2.860500000
2.867437500
2.874500000
2.881562500
2.888750000
2.895500000
2.902500000
2.909812500
2.916625000
2.923812500
2.930687500
2.937812500
2.945187500
2.952125000
2.959187500
2.966187500
2.973312500
2.980437500
2.987437500
2.994687500
3.001812500
3.008812500
3.015875000
3.023187500
