0.229187500
0.233562500
0.238875000
0.244062500
0.249312500
0.254562500
0.259875000
0.265062500
0.270375000
0.275625000
0.280937500
0.286250000
0.291562500
0.296937500
0.302250000
0.307562500
0.313000000
0.318312500
0.323500000
0.328875000
0.334375000
0.339687500
0.345125000
0.350625000
0.355937500
0.361437500
0.366875000
0.372250000
0.377625000
0.382937500
0.388125000
0.393312500
0.398437500
0.403500000
0.408437500
0.413437500
0.418312500
0.423250000
0.428000000
0.433000000
0.437812500
0.442500000
0.447125000
0.451875000
0.456687500
0.461562500
0.466500000
0.471375000
0.476937500
0.609875000
0.613750000
0.618500000
0.623000000
0.627750000
0.632562500
0.637562500
0.642437500
0.647562500
0.652687500
0.657812500
0.663062500
0.668312500
0.673625000
0.678937500
0.684312500
0.689562500
0.694812500
0.700000000
0.705625000
0.711437500
0.841687500
0.846687500
0.851937500
0.857437500
0.863062500
0.868687500
0.874687500
0.880562500
0.886437500
0.892375000
0.898375000
0.904312500
0.910312500
0.916312500
0.922437500
0.928500000
0.934562500
0.940625000
0.946500000
0.952562500
0.958500000
0.964625000
0.970500000
0.976500000
0.982375000
0.988375000
0.994437500
1.000187500
1.006187500
1.012687500
1.018312500
1.029187500
1.037062500
1.040750000
1.051562500
1.060187500
1.069437500
1.076375000
1.088187500
1.093875000
1.100500000
1.105562500
1.111750000
1.117687500
1.123375000
1.129187500
1.135187500
1.140812500
1.146625000
1.152437500
1.158312500
1.164125000
1.170250000
1.175875000
1.181750000
1.187625000
1.193375000
1.199187500
1.205062500
1.210937500
1.216875000
1.222812500
1.228937500
1.234687500
1.240562500
1.246500000
1.252375000
1.258375000
1.264250000
1.270187500
1.276187500
1.282125000
1.288062500
1.294062500
1.299937500
1.306000000
1.311812500
1.317687500
1.323625000
1.329750000
1.335687500
1.341375000
1.347125000
1.352937500
1.358812500
1.364625000
1.370312500
1.376062500
1.382000000
1.387562500
1.393250000
1.398875000
1.404437500
1.410062500
1.415625000
1.421062500
1.426562500
1.432000000
1.437375000
1.442812500
1.448125000
1.453500000
1.458750000
1.464125000
1.469375000
1.474875000
1.480250000
1.485750000
1.491250000
1.497000000
1.502687500
1.508625000
1.514750000
1.521187500
1.527687500
1.534000000
1.538687500
1.544312500
1.549625000
1.555000000
1.560375000
1.565937500
1.571562500
1.577375000
1.583062500
1.588812500
1.594562500
1.600312500
1.606062500
1.611937500
1.617875000
1.623750000
1.629625000
1.635437500
1.641250000
1.647062500
1.652562500
1.658312500
1.664125000
1.669687500
1.675125000
1.681500000
1.840875000
1.846000000
1.851875000
1.857812500
1.863750000
1.870000000
1.876062500
1.882250000
1.888500000
1.894687500
1.901000000
1.907312500
1.913687500
1.920000000
1.926375000
1.932750000
1.939187500
1.945437500
1.951875000
1.958125000
1.964625000
1.970625000
1.977000000
1.983250000
1.989500000
1.995687500
2.002125000
2.008437500
2.014625000
2.021062500
2.136125000
2.141187500
2.146875000
2.152625000
2.158312500
2.164062500
2.169812500
2.175687500
2.181562500
2.187687500
2.193500000
2.199500000
2.205500000
2.211500000
2.217500000
2.223500000
2.229375000
2.235312500
2.241062500
2.246812500
2.252062500
2.257937500
2.263812500
2.269750000
2.353312500
2.358125000
2.363437500
2.369000000
2.374437500
2.379937500
2.385625000
2.391312500
2.397187500
2.403312500
2.409312500
2.415625000
2.422125000
2.428625000
2.435312500
2.442125000
2.471250000
2.476500000
2.482250000
2.488125000
2.493812500
2.499500000
2.505125000
2.510750000
2.516312500
2.521937500
2.527500000
2.533062500
2.538687500
2.544312500
2.550000000
2.555687500
2.561375000
2.567125000
2.572812500
2.578562500
2.584500000
2.590375000
2.596187500
2.602062500
2.607937500
2.613875000
2.619812500
2.625687500
2.631562500
2.637312500
2.643250000
2.649250000
2.655187500
2.661000000
2.667062500
2.673000000
2.678937500
2.684937500
2.690937500
2.697000000
2.702937500
2.709062500
2.714812500
2.721437500
2.838937500
2.844562500
2.850500000
2.856562500
2.862625000
2.868750000
2.874937500
2.881312500
2.887500000
2.893875000
2.900250000
2.906812500
2.913187500
2.919500000
2.925625000
2.931937500
2.938250000
2.944625000
2.951062500
2.957437500
2.963875000
2.970312500
2.976687500
2.983062500
2.989500000
2.995937500
3.002312500
3.008812500
3.015250000
3.021500000
3.027750000
3.034062500
3.040437500
3.046750000
3.052875000
3.059000000
3.064875000
3.071187500
