0.252863
0.257488
0.262300
0.267238
0.272175
0.277113
0.282050
0.286988
0.291988
0.296988
0.301988
0.307113
0.312238
0.317425
0.322800
0.328300
0.333863
0.339550
0.345175
0.350800
0.356300
0.361738
0.366988
0.372300
0.377550
0.382738
0.387863
0.392988
0.398050
0.403050
0.408113
0.413113
0.418113
0.423050
0.428050
0.432988
0.437925
0.442863
0.447863
0.452863
0.457863
0.462863
0.467925
0.472988
0.478113
0.483238
0.488363
0.493550
0.498738
0.503925
0.509175
0.514487
0.519863
0.525238
0.530800
0.536300
0.541925
0.547488
0.553113
0.558800
0.564425
0.570050
0.575675
0.581363
0.586925
0.592550
0.598175
0.603738
0.609300
0.614862
0.620363
0.625925
0.631425
0.636925
0.642487
0.647988
0.653425
0.658988
0.664488
0.669988
0.675488
0.680987
0.686488
0.691925
0.697363
0.702800
0.708175
0.713488
0.718800
0.724113
0.729300
0.734488
0.739613
0.744675
0.749738
0.754738
0.759675
0.764613
0.769550
0.774488
0.779425
0.784425
0.789425
0.794613
0.799863
0.805175
0.810550
0.815925
0.821488
0.827113
0.832925
0.970237
0.975113
0.980237
0.985425
0.990550
0.995800
1.001050
1.006300
1.011613
1.016925
1.022300
1.027675
1.033175
1.038675
1.044175
1.049800
1.055613
1.061363
1.066863
1.072175
1.077425
1.082613
1.087863
1.093112
1.098363
1.103613
1.108863
1.114113
1.119300
1.124550
1.129738
1.134988
1.140300
1.145675
1.151113
1.156613
1.162238
1.168113
1.174050
1.180050
1.186113
1.192300
1.198425
1.204613
1.210738
1.216925
1.223175
1.229488
1.235925
1.282738
1.288050
1.293738
1.299363
1.305050
1.310738
1.316488
1.322238
1.328050
1.333925
1.339800
1.345675
1.351675
1.357613
1.363488
1.369425
1.375363
1.381300
1.387238
1.393238
1.399175
1.405175
1.411237
1.417237
1.423300
1.429550
1.436238
1.526425
1.531488
1.536675
1.541925
1.547113
1.552300
1.557550
1.562738
1.567925
1.573175
1.578488
1.583800
1.589175
1.594550
1.599863
1.605238
1.610613
1.615925
1.621300
1.626613
1.631863
1.637113
1.642362
1.647550
1.652738
1.657987
1.663175
1.668488
1.673800
1.679175
1.684800
1.690613
1.819550
1.879300
1.888050
1.892863
1.898238
1.903612
1.908988
1.914363
1.919800
1.925300
1.930862
1.936300
1.941800
1.947363
1.952925
1.958487
1.964050
1.969613
1.975175
1.980800
1.986363
1.991988
1.997675
2.003363
2.009050
2.014737
2.020488
2.026300
2.032050
2.037800
2.043550
2.049300
2.055050
2.061050
2.215300
2.220175
2.225487
2.230925
2.236488
2.242050
2.247737
2.253487
2.259300
2.265112
2.270987
2.276925
2.282925
2.288925
2.294925
2.300988
2.307050
2.313112
2.319113
2.325175
2.331300
2.337363
2.343488
2.349675
2.355800
2.361988
2.368113
2.374300
2.380425
2.386613
2.392800
2.398925
2.405175
2.411363
2.417550
2.423800
2.429988
2.436237
2.442425
2.448675
2.454862
2.461050
2.467300
2.473488
2.479738
2.485925
2.492113
2.498362
2.504675
2.511050
2.517675
