0.215250000	
0.220312500	
0.225812500	
0.231062500	
0.236375000	
0.241687500	
0.247000000	
0.252187500	
0.257375000	
0.262562500	
0.267750000	
0.273125000	
0.278437500	
0.283687500	
0.289062500	
0.294187500	
0.299500000	
0.304750000	
0.310000000	
0.315250000	
0.320625000	
0.326000000	
0.331375000	
0.336562500	
0.341937500	
0.347250000	
0.352625000	
0.358000000	
0.363187500	
0.368625000	
0.373875000	
0.379312500	
0.384437500	
0.389687500	
0.395000000	
0.400250000	
0.405562500	
0.410687500	
0.415750000	
0.420937500	
0.426187500	
0.431312500	
0.436625000	
0.441750000	
0.446937500	
0.452125000	
0.457437500	
0.462312500	
0.467687500	
0.472875000	
0.478125000	
0.483187500	
0.488500000	
0.493687500	
0.498875000	
0.504125000	
0.509375000	
0.514687500	
0.520000000	
0.525375000	
0.530812500	
0.536500000	
0.542375000	
0.548250000	
0.554375000	
0.560500000	
0.567125000	
0.655437500	
0.660187500	
0.665375000	
0.670375000	
0.675687500	
0.680812500	
0.685937500	
0.691125000	
0.696187500	
0.701562500	
0.706625000	
0.711812500	
0.716812500	
0.721875000	
0.726937500	
0.731875000	
0.736812500	
0.741687500	
0.746562500	
0.751500000	
0.756250000	
0.760937500	
0.765625000	
0.770250000	
0.775000000	
0.779562500	
0.784625000	
0.789500000	
0.794750000	
0.799562500	
0.948250000	
0.952500000	
0.957187500	
0.961937500	
0.966812500	
0.971687500	
0.976500000	
0.981687500	
0.986500000	
0.991437500	
0.996687500	
1.001625000	
1.006687500	
1.011812500	
1.016875000	
1.021812500	
1.027062500	
1.032000000	
1.037125000	
1.042312500	
1.047750000	
1.053250000	
1.058812500	
1.064562500	
1.070187500	
1.075937500	
1.081437500	
1.087062500	
1.092375000	
1.097937500	
1.103312500	
1.108687500	
1.114187500	
1.119562500	
1.125062500	
1.130687500	
1.136375000	
1.142062500	
1.147812500	
1.153562500	
1.159562500	
1.165187500	
1.171187500	
1.177125000	
1.183000000	
1.189062500	
1.194875000	
1.200875000	
1.206687500	
1.212625000	
1.218562500	
1.224500000	
1.230500000	
1.236375000	
1.242375000	
1.248250000	
1.254250000	
1.260062500	
1.266062500	
1.272125000	
1.278312500	
1.284562500	
1.290937500	
1.297437500	
1.303812500	
1.310250000	
1.316625000	
1.322937500	
1.329500000	
1.335812500	
1.342187500	
1.348250000	
1.354187500	
1.354187500	
1.360000000	
1.365687500	
1.371375000	
1.377312500	
1.382875000	
1.388562500	
1.394125000	
1.400062500	
1.405812500	
1.411687500	
1.417562500	
1.423500000	
1.429375000	
1.435312500	
1.441250000	
1.447125000	
1.453062500	
1.458875000	
1.464750000	
1.470562500	
1.476625000	
1.482500000	
1.488312500	
1.494125000	
1.499937500	
1.505687500	
1.511500000	
1.517437500	
1.523562500	
1.529937500	
1.536625000	
1.543500000	
1.573500000	
1.578812500	
1.584812500	
1.590625000	
1.596500000	
1.602500000	
1.608375000	
1.614312500	
1.620125000	
1.626187500	
1.632312500	
1.638500000	
1.645000000	
1.652062500	
1.658625000	
1.677625000	
1.683562500	
1.689312500	
1.695437500	
1.701437500	
1.707625000	
1.713937500	
1.720125000	
1.726250000	
1.732437500	
1.738812500	
1.744687500	
1.750937500	
1.757062500	
1.763125000	
1.769125000	
1.775437500	
1.781500000	
1.787500000	
1.793625000	
1.799750000	
1.806000000	
1.812125000	
1.818312500	
1.824562500	
1.830750000	
1.836687500	
1.842875000	
1.848812500	
1.854750000	
1.860750000	
1.866750000	
1.873187500	
1.879875000	
