0.215000000
0.219375000
0.224687500
0.229312500
0.234625000
0.239375000
0.245562500
0.250125000
0.259250000
0.265062500
0.274500000
0.280000000
0.290937500
0.296625000	
0.301187500
0.306312500
0.315625000
0.322687500
0.328250000
0.333875000
0.339250000
0.344625000
0.349875000
0.355250000
0.360437500
0.365812500
0.371000000
0.376187500
0.381375000
0.386562500
0.391687500
0.396750000
0.401875000
0.407000000
0.412125000
0.417187500
0.422625000
0.428375000
0.586500000
0.590250000
0.594812500
0.599437500
0.604187500
0.608875000
0.613562500
0.618375000
0.623062500
0.627750000
0.632500000
0.637125000
0.641812500
0.646500000
0.651125000
0.655875000
0.660562500
0.665187500
0.669875000
0.674500000
0.679250000
0.683875000
0.688625000
0.693437500
0.698000000
0.702812500
0.707562500
0.712312500
0.717000000
0.721750000
0.726500000
0.731250000
0.736062500
0.740750000
0.745875000
0.750625000
0.755625000
0.761000000
0.840000000
0.844875000
0.849812500
0.854875000
0.860062500
0.865312500
0.870562500
0.875937500
0.881437500
0.886750000
0.892125000
0.897562500
0.903062500
0.908437500
0.914000000
0.919687500
0.925437500
0.931375000
0.937250000
0.943375000
0.949625000
0.955937500
0.962125000
0.968187500
0.974125000
0.980062500
0.985875000
0.991625000
0.997312500
1.002875000
1.008625000
1.014375000
1.020125000
1.025937500
1.031812500
1.037687500
1.043625000
1.049625000
1.055375000
1.061312500
1.067250000
1.073250000
1.079250000
1.085125000
1.090937500
1.096937500
1.102875000
1.108937500
1.114937500
1.120937500
1.127125000
1.133125000
1.139062500
1.145125000
1.151125000
1.157250000
1.163312500
1.169750000
1.176312500
1.183187500
1.231375000
1.236875000
1.243125000
1.249250000
1.255062500
1.261125000
1.267187500
1.273250000
1.279000000
1.285000000
1.290875000
1.296687500
1.302500000
1.308250000
1.314000000
1.319875000
1.326062500
1.332125000
1.338250000
1.344937500
1.352250000
1.364250000
1.378500000
1.389375000
1.409750000
1.417250000
1.422937500
1.429875000
1.435875000
1.442187500
1.448312500
1.454375000
1.460500000
1.466437500
1.472562500
1.478625000
1.484437500
1.490562500
1.496875000
1.503250000
1.610312500
1.615687500
1.621375000
1.627000000
1.632625000
1.638125000
1.643812500
1.649500000
1.655125000
1.660750000
1.666500000
1.672187500
1.677937500
1.683750000
1.689750000
1.695500000
1.701437500
1.707187500
1.713125000
1.718812500
1.724687500
1.730437500
1.736187500
1.742000000
1.747687500
1.753500000
1.759250000
1.765125000
1.771000000
1.776687500
1.782437500
1.788312500
1.794312500
1.800125000
1.805937500
1.811812500
1.817750000
1.823375000
1.829375000
1.836000000
1.985500000
1.990125000
1.995875000
2.001562500
2.007437500
2.013250000
2.019125000
2.025000000
2.030875000
2.168812500
2.174000000
2.179937500
2.185875000
2.192062500
2.198187500
2.204437500
2.210812500
2.217187500
2.223625000
2.230062500
2.236500000
2.243125000
2.249750000
2.256250000
2.262500000
2.268937500
2.275312500
2.281250000
2.383625000
2.388625000
2.394812500
2.401000000
2.407375000
2.413687500
2.420062500
2.426625000
2.433125000
2.439625000
2.446125000
2.452812500
2.459437500
2.466000000
2.472500000
2.479125000
2.485875000
2.492437500
2.499187500
2.505812500
2.512500000
2.519062500
2.525687500
2.532250000
2.538937500
2.545562500
2.552187500
2.558875000
2.565500000
2.572000000
2.578687500
2.585250000
2.591875000
2.598437500
2.605000000
2.611500000
2.617937500
2.624312500
2.630625000
2.637062500
2.643437500
2.649562500
2.656125000
2.662812500
