0.227875
0.2326875
0.2375625
0.2423125
0.2471875
0.252
0.2568125
0.261625
0.2664375
0.2713125
0.276125
0.281
0.2859375
0.2909375
0.296
0.3011875
0.3064375
0.3118125
0.31725
0.3226875
0.3281875
0.333625
0.3390625
0.3444375
0.3496875
0.3549375
0.3600625
0.3651875
0.37025
0.3753125
0.3803125
0.385375
0.390375
0.395375
0.4004375
0.4055
0.410625
0.4158125
0.4210625
0.4264375
0.4319375
0.4375
0.4431875
0.448875
0.454625
0.460375
0.4661875
0.4719375
0.477625
0.48325
0.4888125
0.4943125
0.4998125
0.5053125
0.511
0.5168125
0.5226875
0.5285625
0.5345
0.540375
0.5461875
0.551875
0.5575625
0.563125
0.568625
0.574
0.5793125
0.5845
0.589625
0.5946875
0.59975
0.6048125
0.6096875
0.6146875
0.6195625
0.6244375
0.62925
0.6341875
0.6389375
0.643875
0.6486875
0.6533125
0.6580625
0.662875
0.667625
0.6723125
0.6770625
0.6818125
0.6865625
0.691375
0.6960625
0.7008125
0.705625
0.710375
0.7151875
0.72
0.724875
0.7296875
0.7345625
0.7394375
0.744375
0.7494375
0.7544375
0.7596875
0.7651875
0.771
0.777
0.7820625
0.7871875
0.79225
0.797375
0.8025625
0.8076875
0.8129375
0.8181875
0.8235
0.8288125
0.834125
0.8395625
0.845
0.8504375
0.8560625
0.8619375
0.8679375
0.87425
0.8809375
0.887375
0.893875
0.8998125
0.9049375
0.9104375
0.9160625
0.921625
0.9271875
0.93275
0.938375
0.944
0.9496875
0.955375
0.9610625
0.96675
0.9725
0.9781875
0.983875
0.9895625
0.9953125
1.001
1.00675
1.0125
1.0181875
1.0239375
1.02975
1.0355
1.041375
1.0471875
1.0529375
1.05875
1.0645625
1.070375
1.0761875
1.0820625
1.0879375
1.09375
1.099625
1.1054375
1.1113125
1.117125
1.1229375
1.1288125
1.1346875
1.1405
1.1463125
1.152125
1.158
1.1638125
1.1696875
1.1755
1.1813125
1.187125
1.1929375
1.19875
1.2045625
1.2103125
1.2160625
1.2219375
1.22775
1.2335
1.2393125
1.245125
1.2509375
1.2568125
1.262625
1.2685625
1.2744375
1.2803125
1.2863125
1.2921875
1.298125
1.3040625
1.31
1.316
1.3219375
1.328
1.3339375
1.3399375
1.3459375
1.3519375
1.357875
1.3638125
1.36975
1.3756875
1.381625
1.387625
1.393625
1.3995625
1.4055625
1.4115625
1.4175625
1.4235625
1.4295625
1.435625
1.441625
1.447625
1.4536875
1.45975
1.465875
1.472125
1.47825
1.484625