0.220675
0.225988
0.231487
0.236737
0.242362
0.247800
0.253238
0.258675
0.264300
0.270050
0.275800
0.281738
0.287738
0.293738
0.299613
0.305300
0.310863
0.316363
0.321800
0.327175
0.332550
0.337925
0.343363
0.348738
0.354238
0.359675
0.365175
0.370738
0.376300
0.381925
0.387613
0.393488
0.399488
0.405738
0.412238
0.454488
0.459925
0.465613
0.471363
0.476988
0.482613
0.488175
0.493675
0.499113
0.504613
0.510112
0.515613
0.521112
0.526613
0.532175
0.537675
0.543238
0.548800
0.554300
0.559863
0.565425
0.570987
0.576612
0.582300
0.587925
0.593612
0.599300
0.604988
0.610675
0.616363
0.622050
0.627738
0.633425
0.639175
0.644863
0.650550
0.656238
0.661925
0.667613
0.673238
0.678863
0.684488
0.690050
0.695675
0.701238
0.706800
0.712363
0.717863
0.723425
0.728988
0.734675
0.740550
0.746425
0.752175
0.757988
0.763675
0.769300
0.774925
0.780425
0.785863
0.791300
0.796737
0.802113
0.807550
0.812987
0.818362
0.823800
0.829238
0.834612
0.840050
0.845425
0.850863
0.856237
0.861675
0.867050
0.872425
0.877862
0.883238
0.888675
0.893988
0.899363
0.904737
0.910112
0.915613
0.921113
0.926737
0.932425
0.938175
0.943987
0.949863
0.955800
0.961738
0.967800
0.973863
0.979862
0.985738
0.991550
0.997363
1.003050
1.008738
1.014363
1.020050
1.025800
1.031550
1.037488
1.043862
1.183175
1.187800
1.193425
1.199050
1.204800
1.210613
1.216487
1.222300
1.228238
1.234175
1.240113
1.245988
1.251925
1.257800
1.263800
1.269800
1.275925
1.282237
1.288988
1.333112
1.337925
1.343675
1.349425
1.355238
1.361050
1.366800
1.372613
1.378425
1.384300
1.390113
1.395987
1.401800
1.407738
1.413738
1.420113
1.543300
1.548363
1.553925
1.559487
1.565113
1.570800
1.576550
1.582550
1.588925
1.704050
1.708863
1.714112
1.719550
1.725050
1.730613
1.736175
1.741863
1.747550
1.753300
1.759050
1.764863
1.770675
1.776550
1.782488
1.788363
1.794300
1.800237
1.806237
1.812175
1.818175
1.824113
1.830113
1.836113
1.842175
1.848238
1.854425
1.860675
1.867050
1.873425
1.879738
1.886050
1.892300
1.898550
1.904675
1.910800
1.916925
1.922988
1.929050
1.935175
1.941237
1.947363
1.953488
1.959613
1.965737
1.972050
2.072925
2.078613
2.084800
2.091050
2.097363
2.103613
2.109987
2.116300
2.122675
2.129050
2.135362
2.141800
2.148238
2.154612
2.161113
2.167550
2.174113
2.180613
2.187175
2.193800
2.200425
2.207238
2.214113
2.220988
2.228050
