0.066675
0.229237
0.234237
0.239300
0.244300
0.249300
0.254363
0.259363
0.264300
0.269300
0.274238
0.279238
0.284175
0.289112
0.294113
0.299050
0.304050
0.308988
0.313988
0.319050
0.324113
0.329238
0.334363
0.339550
0.344800
0.350050
0.355363
0.360613
0.365863
0.370988
0.376113
0.381175
0.386238
0.391238
0.396175
0.401175
0.406113
0.411113
0.416050
0.420988
0.425925
0.430800
0.435675
0.440550
0.445425
0.450238
0.455113
0.459925
0.464738
0.469550
0.474363
0.479238
0.484050
0.488675
0.493550
0.498050
0.503238
0.507487
0.512988
0.516738
0.638675
0.642613
0.646988
0.651425
0.655863
0.660363
0.664925
0.669488
0.674050
0.678613
0.683175
0.687800
0.692425
0.697113
0.701800
0.706550
0.711300
0.716113
0.720925
0.725800
0.730738
0.735675
0.740675
0.745675
0.750738
0.755862
0.760988
0.766175
0.771425
0.776675
0.781925
0.787175
0.792488
0.797800
0.803113
0.808425
0.813738
0.819050
0.824425
0.829738
0.835050
0.840363
0.845675
0.850988
0.856300
0.861613
0.866862
0.872175
0.877487
0.882738
0.888112
0.893425
0.898800
0.904112
0.929800
0.934800
0.939800
0.944863
0.949925
0.954925
0.959987
0.965113
0.970300
0.975488
0.980800
0.986113
0.991488
0.996988
1.002425
1.007863
1.013362
1.018863
1.024363
1.029863
1.035425
1.040988
1.046550
1.052175
1.057800
1.063425
1.069050
1.074613
1.080300
1.085925
1.091675
1.097425
1.103175
1.108988
1.114800
1.120613
1.126425
1.132362
1.138238
1.144175
1.150050
1.155987
1.161925
1.167863
1.173800
1.179738
1.185613
1.191550
1.197488
1.203363
1.209300
1.215175
1.221113
1.227050
1.232925
1.238800
1.244738
1.250800
1.257113
1.263613
1.269988
1.276425
1.282925
1.289238
1.295613
1.301800
1.307862
1.313800
1.319675
1.325550
1.331363
1.337050
1.342863
1.348613
1.354362
1.360175
1.365988
1.371925
1.377925
1.384175
1.501863
1.506675
1.512675
1.518738
1.524550
1.531113
1.693550
1.698487
1.703550
1.708800
1.714050
1.719363
1.724800
1.730238
1.735675
1.741175
1.746675
1.752175
1.757613
1.763113
1.768612
1.774113
1.779613
1.785113
1.790550
1.795988
1.801488
1.807050
1.812738
1.818613
1.928988
1.934800
1.940550
1.946363
1.952363
1.958550
1.964738
1.970925
1.977362
1.983863
1.990363
1.997238
2.003550
2.010050
2.015800
2.021550
2.027550
2.033675
2.039925
2.046050
2.052113
2.058175
2.064300
2.070488
2.076800
2.082988
2.089300
2.095487
2.101863
2.108050
2.114362
2.120738
2.126863
2.133113
2.139175
2.145300
2.151613
2.158113
2.164425
