0.227875000
0.232125000	
0.236500000
0.240937500
0.245375000
0.249875000
0.254375000
0.258812500
0.263312500
0.267812500
0.272312500
0.276812500
0.281375000
0.285937500
0.290500000
0.295125000
0.299750000
0.304375000
0.309062500
0.313750000
0.318437500
0.323187500
0.327875000
0.332625000
0.337375000
0.342125000
0.346875000
0.351562500
0.356312500
0.361000000
0.365750000
0.370562500
0.375437500
0.380375000
0.385500000
0.390687500
0.396000000
0.401375000
0.406875000
0.412375000
0.417875000
0.423375000
0.428812500
0.434062500
0.439250000
0.444250000
0.449125000
0.453875000
0.458625000
0.463437500
0.468187500
0.473062500
0.477875000
0.482812500
0.487812500
0.493062500
0.498312500
0.567125000
0.575750000
0.580437500
0.585125000
0.589937500
0.594750000
0.599500000
0.604250000
0.609000000
0.613750000
0.618437500
0.623062500
0.627687500
0.632250000
0.636812500
0.641312500
0.645812500
0.650312500
0.654875000
0.659375000
0.664000000
0.668750000
0.673625000
0.678625000
0.683687500
0.688875000
0.694062500
0.699250000
0.704562500
0.710062500
0.847875000
0.855562500
0.860000000
0.864562500
0.869187500
0.873812500
0.878500000
0.883125000
0.887812500
0.892500000
0.897187500
0.901812500
0.906500000
0.911125000
0.915750000
0.920375000
0.925000000
0.929562500
0.934187500
0.938750000
0.943312500
0.947937500
0.952562500
0.957312500
0.962062500
0.967000000
0.971937500
0.977062500
0.982250000
0.987312500
0.992125000
0.996812500
1.001375000
1.005937500
1.010500000
1.015062500
1.019687500
1.024312500
1.028937500
1.033562500
1.038250000
1.042937500
1.047625000
1.052375000
1.057062500
1.061812500
1.066562500
1.071437500
1.076375000
1.081375000
1.086437500
1.091625000
1.096812500
1.102062500
1.107250000
1.112437500
1.117625000
1.122750000
1.127812500
1.132875000
1.137875000
1.142875000
1.147875000
1.152937500
1.157937500
1.163000000
1.168062500
1.173062500
1.178125000
1.183187500
1.188250000
1.193312500
1.198437500
1.203687500
1.208875000
1.244125000
1.248812500
1.253500000
1.258375000
1.263312500
1.268375000
1.273437500
1.278562500
1.283687500
1.288812500
1.294062500
1.299250000
1.304500000
1.309875000
1.315375000
1.321562500
1.445812500
1.450562500
1.455562500
1.460625000
1.465812500
1.471062500
1.476250000
1.481500000
1.486750000
1.492000000
1.497312500
1.502750000
1.508250000
1.514187500
1.611437500
1.616125000
1.621000000
1.625875000
1.630687500
1.635562500
1.640500000
1.645375000
1.650312500
1.655187500
1.660125000
1.665062500
1.670000000
1.674875000
1.679875000
1.684750000
1.689687500
1.694625000
1.699625000
1.704625000
1.709562500
1.714562500
1.719625000
1.724687500
1.729812500
1.735000000
1.740187500
1.745437500
1.750750000
1.756125000
1.761500000
1.767000000
1.772437500
1.778000000
1.783625000
1.789250000
1.795000000
1.800750000
1.806562500
1.812437500
1.818312500
1.824125000
1.830062500
1.835937500
1.841750000
1.847625000
1.853437500
1.859250000
1.865000000
1.870687500
1.876500000
1.882187500
1.887937500
1.893625000
1.899312500
1.905000000
1.910687500
1.916375000
1.922062500
1.927750000
1.933375000
1.939062500
1.944875000
1.950625000
1.956250000
1.961750000
1.967062500
1.972187500
1.977875000
2.112875000
2.118000000
2.123250000
2.128500000
2.133937500
2.139437500
2.145000000
2.150750000
2.156437500
2.162250000
2.168000000
2.173687500
2.179312500
2.184812500
2.190187500
2.195500000
2.200812500
2.206250000
2.211500000
2.216812500
2.222375000
2.227750000
2.233187500
2.238687500
2.244125000
2.249687500
2.255062500
2.260437500
2.265875000
2.271312500
2.276687500
2.282125000
2.287562500
2.292937500
2.298312500
2.303750000
2.309187500
2.314625000
2.320062500
2.325562500
2.331062500
2.336500000
2.342000000
2.347562500
2.353125000
2.358687500
2.364250000
2.369750000
2.375375000
2.380875000
2.386500000
2.392000000
2.397562500
2.403125000
2.408687500
2.414250000
2.420125000
2.426187500
2.574000000
2.578625000
2.584000000
2.589375000
2.594687500
2.600187500
2.605625000
2.611062500
2.616562500
2.622000000
2.627437500
2.632875000
2.638312500
2.643750000
2.649187500
2.654687500
2.660125000
2.665625000
2.671062500
2.676562500
2.682000000
2.687437500
2.692812500
2.698187500
2.703562500
2.708937500
2.714312500
2.719625000
2.724937500
2.730250000
2.735500000
2.740750000
2.746125000
2.752187500
2.833062500
2.837500000
2.842375000
2.847250000
2.852187500
2.857125000
2.862125000
2.867125000
2.872187500
2.877500000
2.882875000
2.888187500
2.893500000
2.899187500
3.048625000
3.053437500
3.058375000
3.063437500
3.068437500
3.073500000
3.078562500
3.083687500
3.088750000
3.093812500
3.099000000
3.104250000
3.109500000
3.114937500
3.120500000
3.126187500
3.132000000
3.137875000
3.143875000
3.149812500
3.155687500
3.161250000
3.166750000
3.172125000
3.177750000
3.182937500
3.188312500
3.193687500
3.199125000
3.204562500
3.209937500
3.215437500
3.220937500
3.226437500
3.232000000
3.237562500
3.243187500
3.248812500
3.254562500
3.260250000
3.266062500
3.271812500
3.277687500
3.283625000
3.289687500
3.295750000
3.302062500
3.308500000
3.314937500
3.322250000
3.327500000
