0.216625000
0.227187500
0.232250000
0.237375000
0.242500000
0.247625000
0.252812500
0.258062500
0.263250000
0.268437500
0.273625000
0.278812500
0.284000000
0.289250000
0.294437500
0.299687500
0.305000000
0.310312500
0.315625000
0.320937500
0.326250000
0.331625000
0.337000000
0.342375000
0.347812500
0.353250000
0.358750000
0.364250000
0.369750000
0.375375000
0.380937500
0.386562500
0.392250000
0.397937500
0.403625000
0.409312500
0.415000000
0.420625000
0.426250000
0.431875000
0.437437500
0.443000000
0.448562500
0.454125000
0.459562500
0.464937500
0.470312500
0.475625000
0.480937500
0.486312500
0.491750000
0.653250000
0.657937500
0.663000000
0.668062500
0.673187500
0.678312500
0.683437500
0.688562500
0.693625000
0.698750000
0.703875000
0.708937500
0.714000000
0.719062500
0.724062500
0.729125000
0.734187500
0.739250000
0.744312500
0.749375000
0.754437500
0.759500000
0.764625000
0.769750000
0.774875000
0.779937500
0.785125000
0.790187500
0.795312500
0.800375000
0.805562500
0.810687500
0.815812500
0.820937500
0.826000000
0.831062500
0.836187500
0.841312500
0.846375000
0.851500000
0.856625000
0.861750000
0.866875000
0.872062500
0.877187500
0.882375000
0.887562500
0.892750000
0.897875000
0.903125000
0.908250000
0.913500000
0.918750000
0.923937500
0.929250000
0.934500000
0.939812500
0.945125000
0.950500000
0.955875000
0.961312500
0.966812500
0.972312500
0.977812500
0.983312500
0.988812500
0.994375000
0.999937500
1.005500000
1.011125000
1.016687500
1.022312500
1.027937500
1.033562500
1.039250000
1.044937500
1.050562500
1.056187500
1.061812500
1.067437500
1.073000000
1.078625000
1.084187500
1.089812500
1.095375000
1.100875000
1.106500000
1.112000000
1.117625000
1.123125000
1.128750000
1.134250000
1.139875000
1.145375000
1.150937500
1.156437500
1.162000000
1.167562500
1.173125000
1.178687500
1.184187500
1.189750000
1.195375000
1.201000000
1.206750000
1.212562500
1.218375000
1.224312500
1.230375000
1.236375000
1.242437500
1.248437500
1.254375000
1.260312500
1.266187500
1.271937500
1.277750000
1.283500000
1.289250000
1.295062500
1.300937500
1.306812500
1.312687500
1.318562500
1.324562500
1.330500000
1.336375000
1.342375000
1.348437500
1.354625000
1.361000000
1.438562500
1.444562500
1.450625000
1.456875000
1.463062500
1.469250000
1.475500000
1.481625000
1.487937500
1.494062500
1.500312500
1.506500000
1.512937500
1.519875000
1.527937500
1.539000000
1.571875000
1.588625000
1.597625000
1.603812500
1.609625000
1.615875000
1.622000000
1.628125000
1.634250000
1.640312500
1.646312500
1.652375000
1.658437500
1.664625000
1.670937500
1.677312500
1.683750000
1.690312500
1.696937500
1.703687500
1.710500000
1.717062500
1.723750000
1.730000000
1.736437500
1.742625000
1.748750000
1.754875000
1.760937500
1.767000000
1.773062500
1.779125000
1.785250000
1.791437500
1.797812500
1.804375000
1.811125000
1.962375000
1.968812500
1.974875000
1.981187500
1.987562500
1.994000000
2.000500000
2.007000000
2.013562500
2.020125000
2.026750000
2.033375000
2.040000000
2.046625000
2.053312500
2.060000000
2.066625000
2.073312500
2.079937500
2.086562500
2.093187500
2.099812500
2.106375000
2.113000000
2.119562500
2.126187500
2.132875000
2.139500000
2.146062500
2.152750000
2.159312500
2.165937500
2.172437500
2.179062500
2.185687500
2.192312500
2.198937500
2.205500000	
2.212062500	
2.218812500	
2.225687500	
2.232625000	
