0.2318125
0.236625
0.2415
0.246375
0.25125
0.256125
0.2610625
0.2659375
0.2708125
0.275625
0.2805
0.285375
0.29025
0.295125
0.3000625
0.305
0.3099375
0.314875
0.319875
0.3250625
0.3299375
0.3351875
0.34025
0.3453125
0.3504375
0.3555
0.360625
0.36575
0.3708125
0.3759375
0.381
0.386125
0.39125
0.396375
0.4015
0.406625
0.4116875
0.4168125
0.4219375
0.4270625
0.4320625
0.4371875
0.4421875
0.44725
0.45225
0.45725
0.46225
0.4671875
0.472125
0.4770625
0.4819375
0.4868125
0.491625
0.4964375
0.50125
0.506
0.510875
0.5154375
0.52
0.5248125
0.5295
0.534125
0.538875
0.543375
0.548
0.552625
0.55725
0.5618125
0.566375
0.571
0.5755
0.5800625
0.584625
0.589125
0.593625
0.59825
0.602625
0.607375
0.611875
0.6165625
0.7823125
0.787875
0.7926875
0.79825
0.8031875
0.8085625
0.8138125
0.819125
0.8245625
0.8299375
0.835375
0.84075
0.846125
0.8515
0.8568125
0.8620625
0.86725
0.872375
0.8775
0.8825625
0.887625
0.892625
0.8976875
0.9026875
0.90775
0.912875
0.918
0.923125
0.9283125
0.9335625
0.93875
0.9440625
0.949375
0.95475
0.960125
0.965625
0.9711875
0.97675
0.982375
0.9879375
0.9934375
0.998875
1.0041875
1.0094375
1.014625
1.0198125
1.0249375
1.0300625
1.0351875
1.040375
1.0455625
1.0506875
1.0559375
1.061125
1.0663125
1.0715
1.0768125
1.082125
1.0876875
1.093375
1.09925
1.1053125
1.111375
1.1175
1.1236875
1.12975
1.1358125
1.1416875
1.1475625
1.15325
1.158875
1.1644375
1.1699375
1.175375
1.1808125
1.18625
1.1916875
1.1971875
1.2026875
1.2080625
1.2135
1.219
1.2244375
1.229875
1.235375
1.2408125
1.24625
1.2516875
1.257125
1.2625625
1.2679375
1.27325
1.278625
1.2839375
1.2891875
1.2945
1.29975
1.3050625
1.310375
1.3156875
1.4876875
1.492625
1.497625
1.502625
1.5076875
1.5126875
1.51775
1.5228125
1.527875
1.533
1.5380625
1.543125
1.54825
1.553375
1.5584375
1.563625
1.569125
1.7000625
1.705125
1.7103125
1.7154375
1.7206875
1.725875
1.731125
1.7365
1.8821875
1.8873125
1.8925
1.897875
1.90325
1.9086875
1.914125
1.9195625
1.9250625
1.9305
1.936
1.9415
1.9469375
1.952375
1.9578125
1.9633125
1.9690625
2.1621875
2.167625
2.1731875
2.178875
2.1845625
2.1903125
2.1960625
2.2018125
2.207625
2.213375
2.219125
2.2248125
2.230625
2.236375
2.2421875
2.248
2.253875
2.25975
2.265625
2.2715
2.2774375
2.283375
2.28925
2.2953125
2.30125
2.30725
2.3133125
2.3193125
2.3254375
2.3315625
2.3375
2.343375
2.349375
2.35525
2.361125
2.3670625
2.3729375
2.3788125
2.38475
2.390625
2.3965625
2.4025
2.4084375
2.4143125
2.42025
2.426125
2.4320625
2.438
2.4439375
2.4499375
2.455875
2.4619375
2.4679375
2.474125
2.4804375