0.224562500
0.229500000
0.234625000
0.239437500
0.244375000
0.249375000
0.254312500
0.259312500
0.264187500
0.269250000
0.274062500
0.278875000
0.283687500
0.288687500
0.293500000
0.298375000
0.303250000
0.307937500
0.312812500
0.317750000
0.322687500
0.327750000
0.332812500
0.337937500
0.343000000
0.348062500
0.353125000
0.358187500
0.363062500
0.367812500
0.372625000
0.377250000
0.381937500
0.386500000
0.391125000
0.395625000
0.400187500
0.404750000
0.409312500
0.413937500
0.418500000
0.423062500
0.427812500
0.432375000
0.437062500
0.441812500
0.446687500
0.451750000
0.456875000
0.462125000
0.467500000
0.473000000
0.478500000
0.484000000
0.489437500
0.494875000
0.500125000
0.505437500
0.510812500
0.516437500
0.522125000
0.527875000
0.533687500
0.539625000
0.545500000
0.551250000
0.557000000
0.562687500
0.568437500
0.574000000
0.579500000
0.584875000
0.590250000
0.595687500
0.601125000
0.606625000
0.612125000
0.617625000
0.623125000
0.628812500
0.634312500
0.639875000
0.645500000
0.651062500
0.656500000
0.662000000
0.667375000
0.672937500
0.678437500
0.683875000
0.689437500
0.694875000
0.700625000
0.706562500
0.824375000
0.828687500
0.834437500
0.840062500
0.845687500
0.851437500
0.857125000
0.862875000
0.868625000
0.874437500
0.880187500
0.886062500
0.891875000
0.898062500
0.904000000
0.909937500
0.915812500
0.921687500
0.927625000
0.933625000
0.939562500
0.945437500
0.951250000
0.957062500
0.962687500
0.968562500
0.974500000
0.980375000
0.986250000
0.992125000	
1.086062500
1.090562500
1.096312500
1.102187500
1.108000000
1.114062500
1.120062500
1.126062500
1.132062500
1.138125000
1.144250000
1.150312500
1.156437500
1.162500000
1.168562500
1.174625000
1.180750000
1.186750000
1.192750000
1.198937500
1.205062500
1.211187500
1.217250000
1.223375000
1.229500000
1.235625000
1.241750000
1.247937500
1.254125000
1.260437500
1.266750000
1.273500000
1.375687500
1.380250000
1.386250000
1.392187500
1.398125000
1.404312500
1.410812500
1.417375000
1.424125000
1.430750000
1.437562500
1.444312500
1.451000000
1.457375000
1.463437500
1.469500000
1.475437500
1.481500000
1.487312500
1.493437500
1.499437500
1.505500000
1.511812500
1.518062500
1.524625000
1.531187500
1.537812500
1.544500000
1.551250000
1.557937500
1.564625000
1.571250000
1.577687500
1.584062500
1.590375000
1.596687500
1.602937500
1.609250000
1.615437500
1.621625000
1.627875000
1.634125000
1.640437500
1.646875000
1.653250000
1.659625000
1.666125000
1.672500000
1.678937500
1.685375000
1.691875000
1.698500000
1.704937500
1.711500000
1.718062500
1.724625000
1.731187500
1.737812500
1.744625000
1.751250000
1.757875000
1.764625000
1.771312500
1.778062500
1.784750000
1.791562500
1.798375000
1.805187500
1.812125000
1.818875000
1.825625000
1.832437500
1.839250000
1.846000000
1.852812500
1.859562500
1.866250000
1.873062500
1.879875000
1.886625000
1.893500000
1.900250000
1.907000000
1.913937500
1.921187500
1.927750000
