0.240875000	
0.245562500	
0.250250000	
0.255375000	
0.261250000	
0.351125000	
0.358937500	
0.364687500	
0.379250000	
0.385125000	
0.390250000	
0.395625000	
0.401000000	
0.406312500	
0.411687500	
0.416937500	
0.422187500	
0.427625000	
0.432937500	
0.438312500	
0.443687500	
0.449062500	
0.454437500	
0.459750000	
0.465250000	
0.470562500	
0.476000000	
0.481375000	
0.486750000	
0.492062500	
0.497312500	
0.502687500	
0.508000000	
0.513125000	
0.518312500	
0.523375000	
0.528437500	
0.533375000	
0.538312500	
0.543312500	
0.548125000	
0.553000000	
0.557812500	
0.562562500	
0.567312500	
0.571937500	
0.576625000	
0.581125000	
0.585750000	
0.590375000	
0.595062500	
0.599750000	
0.604437500	
0.609125000	
0.614000000	
0.618812500	
0.623500000	
0.628375000	
0.633312500	
0.638125000	
0.642937500	
0.647812500	
0.652625000	
0.657312500	
0.662187500	
0.667000000	
0.671875000	
0.676625000	
0.681562500	
0.686562500	
0.691562500	
0.696500000	
0.701562500	
0.706687500	
0.712062500	
0.717875000	
0.723812500	
0.760125000	
0.764250000	
0.774625000	
0.781937500	
0.788500000	
0.793687500	
0.803937500	
0.810312500	
0.816000000	
0.822250000	
0.827625000	
0.833437500	
0.839000000	
0.844500000	
0.850000000	
0.855562500	
0.860937500	
0.866375000	
0.871875000	
0.877500000	
0.882937500	
0.888500000	
0.894000000	
0.899437500	
0.905062500	
0.910500000	
0.915937500	
0.921375000	
0.926812500	
0.932187500	
0.937562500	
0.942875000	
0.948312500	
0.953875000	
0.959437500	
0.965000000	
0.970500000	
0.976000000	
0.981187500	
0.986125000	
0.991312500	
0.996437500	
1.001562500	
1.006875000	
1.012125000	
1.017312500	
1.022562500	
1.027812500	
1.033062500	
1.038312500	
1.043500000	
1.048625000	
1.054125000	
1.059375000	
1.064687500	
1.070062500	
1.075375000	
1.080500000	
1.085562500	
1.090812500	
1.095875000	
1.100937500	
1.105812500	
1.110750000	
1.115562500	
1.120375000	
1.125000000	
1.129750000	
1.134562500	
1.139187500	
1.143937500	
1.148875000	
1.154187500	
1.159687500	
1.165437500	
1.171625000	
1.177937500	
1.225000000	
1.229812500	
1.234937500	
1.240062500	
1.245125000	
1.250375000	
1.255500000	
1.260625000	
1.265875000	
1.271000000	
1.276187500	
1.281375000	
1.286812500	
1.292000000	
1.297250000	
1.302375000	
1.307750000	
1.313000000	
1.318500000	
1.323875000	
1.329250000	
1.334750000	
1.340250000	
1.345875000	
1.351500000	
1.357000000	
1.362625000	
1.368250000	
1.374000000	
1.379750000	
1.385375000	
1.391125000	
1.396750000	
1.402625000	
1.408375000	
1.414125000	
1.420000000	
1.425875000	
1.431750000	
1.437625000	
1.443500000	
1.449250000	
1.455125000	
1.461000000	
1.466875000	
1.472625000	
1.478375000	
1.484125000	
1.490000000	
1.496000000	
1.501750000	
1.507750000	
1.513750000	
1.520000000	
1.525750000	
1.534625000	
1.539062500	
1.646875000	
1.651625000	
1.657500000	
1.663250000	
1.669000000	
1.674750000	
1.680500000	
1.686250000	
1.692250000	
1.698750000	
1.706000000	
1.710875000	
1.739375000	
1.745125000	
1.750625000	
1.762750000	
1.767500000	
1.773000000	
1.778875000	
1.784625000	
1.790250000	
1.795812500	
1.801250000	
1.806625000	
1.812000000	
1.817500000	
1.823125000	
1.828625000	
1.834312500	
1.839875000	
1.845375000	
1.851000000	
1.856750000	
1.862750000	
1.868875000	
1.874875000	
1.881250000	
1.887625000	
1.894250000	
1.901000000	
1.908000000	
1.914750000	
1.921250000	
1.966500000	
1.971937500	
1.977625000	
1.983375000	
1.989250000	
1.995187500	
2.001187500	
2.007125000	
2.013125000	
2.019125000	
2.025375000	
2.031750000	
2.038625000	
2.046500000	
2.052750000	
2.081625000	
2.099625000	
2.112250000	
2.118625000	
2.124625000	
2.130750000	
2.136750000	
2.142750000	
2.148625000	
2.154625000	
2.160625000	
2.166375000	
2.172250000	
2.178125000	
2.184000000	
2.189750000	
2.195625000	
2.201375000	
2.207125000	
2.213000000	
2.218750000	
2.224625000	
2.230562500	
2.236625000	
2.242750000	
2.248875000	
2.255250000	
2.261500000	
2.267625000	
2.273750000	
2.279375000	
2.285000000	
2.290625000	
2.296125000	
2.301750000	
2.307250000	
2.312875000	
2.318375000	
2.323937500	
2.329375000	
2.334875000	
2.340500000	
2.346062500	
2.351500000	
2.357000000	
2.362500000	
2.367875000	
2.373375000	
2.378812500	
2.384125000	
2.389500000	
2.394875000	
2.400250000	
2.405500000	
2.410875000	
2.416125000	
2.421500000	
2.426750000	
2.432125000	
2.437375000	
2.442750000	
2.448125000	
2.453375000	
2.458750000	
2.464000000	
2.469250000	
2.474750000	
2.479937500	
2.485250000	
2.490750000	
2.496000000	
2.501250000	
2.506625000	
2.512000000	
2.517375000	
2.522750000	
2.528187500	
2.533500000	
2.539000000	
2.544437500	
2.549937500	
2.555500000	
2.560875000	
2.566500000	
2.572000000	
2.577562500	
2.583312500	
2.588937500	
2.594625000	
2.600250000	
2.605875000	
2.611687500	
2.617375000	
2.623125000	
2.628875000	
2.634625000	
2.640375000	
2.646125000	
2.652000000	
2.657750000	
2.663625000	
2.669500000	
2.675312500	
2.681125000	
2.686875000	
2.692750000	
2.698625000	
2.704500000	
2.710437500	
2.716375000	
2.722250000	
2.728250000	
2.734312500	
2.740187500	
2.746312500	
2.752437500	
2.758437500	
2.764500000	
2.770562500	
2.776687500	
2.782812500	
2.788937500	
2.795062500	
2.801187500	
2.807312500	
2.813375000	
2.819500000	
2.825687500	
2.831812500	
2.838125000	
2.844812500	
2.851375000	
2.858187500	
2.865250000	
