0.231625000	
0.235625000	
0.240500000
0.245250000
0.250312500
0.255187500
0.260187500
0.265125000
0.270062500
0.275187500
0.280125000
0.285062500
0.290312500
0.295250000
0.300250000
0.305375000
0.417375000	
0.421250000	
0.425437500	
0.429687500	
0.434000000	
0.438250000	
0.442687500	
0.446937500	
0.451187500
0.455562500
0.459750000
0.464375000
0.468625000
0.472937500
0.477250000	
0.481625000
0.485937500
0.490437500
0.494750000
0.499375000
0.503750000	
0.509125000
0.513125000
0.517750000
0.522500000	
0.527687500
0.532562500	
0.537875000	
0.543125000	
0.548500000	
0.554000000	
0.559375000	
0.564937500	
0.570625000	
0.576312500	
0.582062500	
0.587625000	
0.593312500	
0.598875000	
0.604562500	
0.610250000	
0.615625000	
0.621062500	
0.626500000	
0.631875000	
0.637375000	
0.642312500	
0.648000000	
0.653062500	
0.658750000	
0.664625000	
0.834625000
0.839812500
0.845562500
0.851125000
0.856875000
0.862437500
0.867875000
0.873437500
0.879000000
0.884500000
0.890250000	
0.895750000
0.901375000
0.906937500
0.912812500
0.919000000
0.925250000
0.932000000
0.939187500
0.976625000
0.981562500
0.987812500	
0.993750000	
0.999500000	
1.005250000	
1.011250000	
1.016750000	
1.022500000	
1.028187500	
1.034375000	
1.040062500	
1.045812500	
1.051625000	
1.057500000	
1.063250000	
1.069125000	
1.075000000	
1.081000000	
1.086812500	
1.092812500	
1.098687500	
1.105125000	
1.111625000	
1.118875000	
1.124437500	
1.131125000	
1.137125000	
1.143375000	
1.149125000
1.155250000
1.161250000
1.167375000
1.173687500
1.179937500
1.186437500
1.192937500
1.199375000
1.205687500
1.212125000
1.218250000
1.224312500
1.230250000
1.236312500
1.242250000
1.248312500
1.254375000
1.260375000
1.266437500
1.272500000
1.278312500
1.283937500
1.290125000
1.295437500
1.301000000
1.306437500
1.312500000
1.479750000
1.484875000	
1.490062500	
1.495500000	
1.500750000	
1.506062500
1.511375000
1.516812500
1.522312500
1.527875000
1.533062500
1.538500000
1.544187500
1.549562500
1.555062500
1.560625000
1.566000000
1.571375000
1.576875000
1.582312500
1.587875000	
1.593250000	
1.598562500	
1.604187500	
1.609625000	
1.615062500
1.620312500
1.625687500
1.630937500
1.636312500
1.641687500
1.647000000	
1.652312500
1.657562500
1.662937500
1.668250000
1.673562500
1.678812500
1.684437500
1.689562500	
1.695125000
1.700687500
1.706000000
1.711750000
1.717125000	
1.722687500	
1.728437500	
1.734062500	
1.739812500	
1.745625000	
1.751437500	
1.757375000	
1.763312500	
1.769062500
1.774875000
1.780750000
1.786437500
1.792500000
1.798187500
1.804250000
1.810062500
1.816125000
1.822062500
1.827687500
1.833437500
1.839437500
1.845562500
1.966687500	
1.971750000	
1.977250000	
1.982500000	
1.988062500	
1.993500000	
1.998875000	
2.004437500	
2.009937500	
2.015562500
2.021125000	
2.026875000	
2.032500000
2.038187500
2.043875000	
2.049875000
2.055625000
2.061687500	
2.067812500	
2.073625000
2.079687500
2.085812500
2.091875000
2.098250000
2.104437500
2.111250000
2.118125000
2.124625000
2.131625000
2.137687500
2.188187500	
2.193187500
2.199812500
2.205812500
2.212312500
2.218500000
2.225125000
2.231375000
2.237687500
2.244000000
2.250187500
2.256625000
2.262937500	
2.269187500
2.275687500
2.281812500
2.288437500
2.294625000
2.300750000
2.307000000
2.313250000
2.319437500
2.325625000
2.331812500
2.338062500
2.344375000
2.350750000
2.357062500
2.363375000	
2.369875000	
2.376187500	
2.382500000	
2.388812500	
2.395187500	
2.401500000	
2.407812500	
2.414062500	
2.420375000	
2.426687500	
2.432812500	
2.439125000	
2.445500000	
2.451750000	
2.457875000	
2.464062500	
2.470187500	
2.476437500	
2.482687500	
2.488750000	
2.494812500	
2.500937500	
2.507062500	
2.513062500	
2.518875000	
2.525000000	
2.530750000	
2.536625000	
2.542500000	
2.548187500	
2.554750000	
2.560750000	
2.567375000	
2.625812500	
2.631125000	
2.636562500	
2.642125000	
2.647687500	
2.653437500	
2.658937500	
2.664937500	
2.670875000	
2.677125000	
2.683437500	
2.689687500	
2.696000000	
2.702437500	
2.731437500	
2.736250000	
2.742000000	
2.747687500	
2.753500000	
2.759125000	
2.764875000	
2.770562500	
2.776187500	
2.781875000	
2.787625000	
2.793437500	
2.799000000	
2.804625000	
2.810500000	
2.816375000	
2.821875000	
2.827625000	
2.833250000	
2.839062500	
2.844812500	
2.850500000	
2.856562500	
2.862312500	
2.868125000	
2.874000000	
2.879812500	
2.885687500	
2.891562500	
2.897375000	
2.903625000	
2.909687500	
2.915875000	
2.922000000	
2.928125000	
2.934375000	
2.940562500	
2.946687500	
2.952937500	
2.958875000	
2.964875000	
2.971187500	
2.977312500	
2.983625000	
2.989937500	
2.996125000	
3.002250000	
3.008625000	
3.014812500	
3.021062500	
3.027312500	
3.033500000	
3.039937500	
3.046312500	
3.052625000	
3.059000000	
3.065375000	
3.071687500	
3.078062500	
3.084187500	
3.090687500	
3.097062500	
3.103437500	
3.109875000	
3.116187500	
3.122562500	
3.129000000	
3.135375000	
3.141812500	
3.148250000	
3.154625000	
3.161062500	
3.167562500	
3.173750000	
3.180187500	
3.186625000	
3.193062500	
3.199562500	
3.205937500	
3.212500000	
3.218937500	
3.225437500	
3.231750000	
3.238437500	
3.244687500	
3.251000000	
3.257875000	
