0.227000000
0.231687500
0.236375000
0.241125000
0.245875000
0.250562500
0.255250000
0.259875000
0.264562500
0.269187500
0.273875000
0.278500000
0.283125000
0.287812500
0.292375000
0.297000000
0.301687500
0.306312500
0.311000000
0.315687500
0.320437500
0.325187500
0.330000000
0.334812500
0.339625000
0.344437500
0.349312500
0.354125000
0.359000000
0.363812500
0.368625000
0.373437500
0.378187500
0.382937500
0.387687500
0.392437500
0.397187500
0.401937500
0.406625000
0.411375000
0.416125000
0.420875000
0.425625000
0.430500000
0.435375000
0.440437500
0.445687500
0.451062500
0.456625000
0.462375000
0.534250000
0.539250000
0.544750000
0.550187500
0.555625000
0.561062500
0.566437500
0.571812500
0.577250000
0.582750000
0.588562500
0.734312500
0.739000000
0.744250000
0.749500000
0.755000000
0.760562500
0.766125000
0.771875000
0.777625000
0.783437500
0.789187500
0.795000000
0.800750000
0.806500000
0.812250000
0.818000000
0.823687500
0.829437500
0.835125000
0.840875000
0.846625000
0.852312500
0.857937500
0.863562500
0.869187500
0.874687500
0.880187500
0.885625000
0.891062500
0.896500000
0.901875000
0.907187500
0.912562500
0.917812500
0.923125000
0.928312500
0.933500000
0.938687500
0.943812500
0.949000000
0.954125000
0.959250000
0.964375000
0.969437500
0.974562500
0.979625000
0.984750000
0.989812500
0.994875000
0.999937500
1.005000000
1.010062500
1.015125000
1.020250000
1.025500000
1.030875000
1.036500000
1.042187500
1.048062500
1.054062500
1.060125000
1.066125000
1.072250000
1.078312500
1.084687500
1.091125000
1.140875000
1.145625000
1.151125000
1.156687500
1.162125000
1.167625000
1.173250000
1.179062500
1.185000000
1.191187500
1.197500000
1.204000000
1.210562500
1.217312500
1.223875000
1.230437500
1.236937500
1.242562500
1.248562500
1.254375000
1.260312500
1.266125000
1.271812500
1.277500000
1.283062500
1.288750000
1.294437500
1.300187500
1.305937500
1.311750000
1.317562500
1.323375000
1.329250000
1.335062500
1.340937500
1.346812500
1.352625000
1.358437500
1.364187500
1.369937500
1.375687500
1.381437500
1.387187500
1.392937500
1.398687500
1.404500000
1.410437500
1.416937500	
1.543187500
1.548875000
1.554812500
1.560875000
1.567000000
1.573062500
1.579125000
1.585250000
1.591437500
1.597687500
1.604000000
1.610437500
1.616937500
1.623687500
1.688062500
1.693000000
1.699125000
1.705312500
1.711562500
1.717750000
1.724000000
1.730250000
1.736625000
1.742625000
1.748937500
1.755187500
1.761375000
1.767500000
1.773500000
1.779437500
1.785250000
1.791000000
1.796812500
1.802562500
1.808562500
1.814562500
1.820562500
1.826500000
1.832562500
1.838562500
1.844687500
1.851000000
1.857437500
1.864187500
1.871375000
1.878375000
1.892312500
1.898750000
1.904875000
1.911500000
1.917687500
1.924125000
1.930437500
1.936625000
1.942875000
1.949000000
1.955187500
1.961437500
1.967687500
1.974000000
1.980312500
1.986562500
1.992875000
1.999250000
2.005625000
2.012062500
2.018562500
2.025187500
2.123000000
2.128500000
2.134500000
2.140562500
2.146625000
2.152687500
2.158750000
2.164812500
2.170875000
2.176937500
2.183000000
2.189062500
2.195125000
2.201187500
2.207250000
2.213312500
2.219437500
2.225625000
2.231750000
2.237937500
2.244125000
2.250312500
2.256562500
2.262812500
2.269000000
2.275250000
2.281500000
2.287750000
2.294000000
2.300312500
2.306625000
2.312937500
2.319250000
2.325687500
2.332062500
2.338500000
2.344875000
2.351312500
2.357750000
2.364250000
2.370812500
2.377375000
2.383937500
2.390500000
2.397062500
2.403625000
2.410125000
2.416687500
2.423250000
2.429812500
2.436375000
2.442875000
2.449375000
2.455875000
2.462500000
2.469187500
2.476000000
