0.214312500	
0.219812500	
0.225000000	
0.230312500	
0.235500000	
0.240687500	
0.245875000	
0.251062500	
0.256375000	
0.261750000	
0.267187500	
0.272687500	
0.278312500	
0.284125000	
0.289937500	
0.295562500	
0.301062500	
0.308812500	
0.313562500	
0.320937500	
0.325562500	
0.332562500	
0.337250000	
0.343937500	
0.349062500	
0.355500000	
0.360937500	
0.366500000	
0.372187500	
0.377562500	
0.383062500	
0.388500000	
0.393875000	
0.399375000	
0.404750000	
0.410187500	
0.415625000	
0.421000000	
0.426750000	
0.432187500	
0.437875000	
0.443625000	
0.449500000	
0.455437500	
0.461562500	
0.467625000	
0.473750000	
0.479875000	
0.485937500	
0.491875000	
0.497937500	
0.503625000	
0.509437500	
0.515187500	
0.520812500	
0.526500000	
0.532062500	
0.537625000	
0.543375000	
0.549000000	
0.554687500	
0.560625000	
0.566312500	
0.572062500	
0.577687500	
0.583312500	
0.588812500	
0.594375000	
0.599937500	
0.605437500	
0.611187500	
0.616625000	
0.622062500	
0.627625000	
0.632937500	
0.638375000	
0.643812500	
0.649250000	
0.654562500	
0.659937500	
0.665187500	
0.670375000	
0.675625000	
0.680687500	
0.685750000	
0.690875000	
0.695875000	
0.700937500	
0.706062500	
0.711062500	
0.715875000	
0.720750000	
0.725750000	
0.730687500	
0.735812500	
0.740812500	
0.745687500	
0.750812500	
0.755812500	
0.760875000	
0.765937500	
0.771000000	
0.776187500	
0.781375000	
0.786437500	
0.791687500	
0.796875000	
0.802250000	
0.807437500	
0.812812500	
0.818125000	
0.823500000	
0.828687500	
0.834062500	
0.839500000	
0.844812500	
0.850312500	
0.855562500	
0.861000000	
0.866937500	
0.970812500	
0.975062500	
0.980437500	
0.985937500	
0.991500000	
0.996937500	
1.002500000	
1.008187500	
1.013750000	
1.019375000	
1.025000000	
1.030562500	
1.036250000	
1.042000000	
1.047687500	
1.053375000	
1.059062500	
1.064687500	
1.070437500	
1.076187500	
1.081937500	
1.087500000	
1.093250000	
1.099000000	
1.104625000	
1.110187500	
1.115937500	
1.121375000	
1.127062500	
1.132687500	
1.138125000	
1.143812500	
1.149250000	
1.154937500	
1.160437500	
1.166187500	
1.175687500	
1.305750000	
1.318187500	
1.323562500	
1.329625000	
1.335187500	
1.340875000	
1.346562500	
1.352375000	
1.357875000	
1.363687500	
1.369500000	
1.375062500	
1.380875000	
1.386562500	
1.392312500	
1.398125000	
1.403750000	
1.409625000	
1.415312500	
1.421125000	
1.426812500	
1.432687500	
1.438312500	
1.444062500	
1.449875000	
1.455750000	
1.461500000	
1.467375000	
1.473187500	
1.478937500	
1.484750000	
1.490687500	
1.496625000	
1.502437500	
1.508250000	
1.514250000	
1.520125000	
1.526000000	
1.531937500	
1.538000000	
1.544062500	
1.550062500	
1.556250000	
1.562250000	
1.568437500	
1.574500000	
1.580437500	
1.586625000	
1.592812500	
1.599000000	
1.605000000	
1.611125000	
1.617062500	
1.622875000	
1.628750000	
1.634375000	
1.640125000	
1.645875000	
1.651562500	
1.657312500	
1.662750000	
1.668562500	
1.674125000	
1.679875000	
1.685437500	
1.690875000	
1.690875000	
1.696562500	
1.702125000	
1.707687500	
1.713250000	
1.718812500	
1.724312500	
1.729875000	
1.735437500	
1.740937500	
1.746375000	
1.751812500	
1.757312500	
1.762625000	
1.768062500	
1.773375000	
1.778625000	
1.783937500	
1.789125000	
1.794437500	
1.799500000	
1.804687500	
1.809875000	
1.815000000	
1.820187500	
1.825312500	
1.830500000	
1.835500000	
1.840687500	
1.845625000	
1.850750000	
1.855937500	
1.860937500	
1.866125000	
1.871187500	
1.876312500	
1.881500000	
1.886500000	
1.891687500	
1.896687500	
1.901812500	
1.906875000	
1.911937500	
1.917000000	
1.922125000	
1.927125000	
1.932250000	
1.937375000	
1.942500000	
1.947687500	
1.952937500	
1.958312500	
1.963312500	
1.968562500	
1.973812500	
1.979125000	
1.984500000	
1.989812500	
1.995125000	
2.000437500	
2.005687500	
2.011000000	
2.016375000	
2.021687500	
2.027062500	
2.032500000	
2.037875000	
2.043187500	
2.048500000	
2.053937500	
2.059312500	
2.064625000	
2.070000000	
2.075312500	
2.080625000	
2.085937500	
2.091375000	
2.096687500	
2.102125000	
2.107625000	
2.113000000	
2.118375000	
2.123875000	
2.129312500	
2.134812500	
2.140312500	
2.145812500	
2.151187500	
2.156687500	
2.162187500	
2.167812500	
2.173437500	
2.179062500	
2.184625000	
2.190125000	
2.195812500	
2.201250000	
2.206875000	
2.212562500	
2.218312500	
2.223937500	
2.229687500	
2.235375000	
2.241187500	
2.247000000	
2.252875000	
2.258750000	
2.264500000	
2.270437500	
2.276250000	
2.282250000	
2.288250000	
2.294312500	
2.300437500	
2.306375000	
2.312437500	
2.318250000	
2.324187500	
2.330187500	
2.336250000	
2.342062500	
2.348125000	
2.354125000	
2.360250000	
2.366812500	
