0.249863
0.253738
0.258050
0.262363
0.266800
0.271238
0.275675
0.280175
0.284738
0.289238
0.293800
0.298300
0.302925
0.307488
0.311988
0.316550
0.321050
0.325613
0.330113
0.334613
0.339050
0.343488
0.347988
0.352363
0.356738
0.361238
0.366050
0.371300
0.471550
0.475363
0.479238
0.483113
0.486988
0.490925
0.494925
0.498863
0.503050
0.507487
0.512238
0.517175
0.522050
0.544238
0.548238
0.552362
0.556613
0.560987
0.565300
0.569675
0.574050
0.578488
0.582800
0.587113
0.591300
0.595550
0.599738
0.604050
0.608425
0.612738
0.617113
0.621550
0.626050
0.630675
0.635300
0.639988
0.644675
0.649363
0.654050
0.658800
0.663488
0.668238
0.672925
0.677613
0.682300
0.686987
0.691738
0.696363
0.701050
0.705738
0.710488
0.715300
0.720300
0.936550
0.941050
0.945863
0.950675
0.955550
0.960488
0.965425
0.970300
0.975425
0.980425
0.985488
0.990488
0.995550
1.000613
1.005675
1.010800
1.015863
1.020925
1.026050
1.031175
1.036237
1.041300
1.046425
1.051488
1.056550
1.061613
1.066675
1.071738
1.076800
1.081862
1.086863
1.091988
1.097050
1.102113
1.107175
1.112238
1.117238
1.122300
1.127550
1.132863
1.199050
1.203738
1.208487
1.213300
1.218363
1.223363
1.228425
1.233488
1.238613
1.243800
1.249050
1.254300
1.259675
1.265238
1.270863
1.422238
1.426862
1.431675
1.436738
1.441988
1.447175
1.452425
1.457738
1.463175
1.468800
1.474550
1.480363
1.486238
1.492238
1.498238
1.504175
1.509988
1.515738
1.521300
1.526925
1.532363
1.537800
1.543113
1.548425
1.553800
1.559175
1.564550
1.569925
1.575487
1.580925
1.586425
1.591863
1.597238
1.602737
1.608050
1.613488
1.749488
1.754363
1.759488
1.764612
1.769800
1.774987
1.780175
1.785425
1.790612
1.796050
1.801363
1.806800
1.812175
1.817550
1.823050
1.828488
1.833800
1.839425
1.844863
1.850300
1.855738
1.861175
1.866613
1.872050
1.877550
1.883050
1.888488
1.894050
1.899550
1.905237
1.910863
1.916425
1.922300
1.928175
1.934238
1.940487
1.946862
1.953925
1.959925
1.992488
1.997800
2.003238
2.008738
2.014300
2.019800
2.025550
2.031112
2.215050
2.220300
2.225738
2.231300
2.236863
2.242488
2.248113
2.253800
2.259425
2.265112
2.270800
2.276550
2.282300
2.288050
2.293800
2.299612
2.305425
2.311237
2.317050
2.323113
2.329300
2.335738
2.342613
2.349300
2.357675
