0.240375000	
0.244750000	
0.250250000	
0.255500000	
0.260750000	
0.266125000	
0.271625000	
0.276875000	
0.282375000	
0.287750000	
0.293125000	
0.298500000	
0.303812500	
0.309125000	
0.314625000	
0.320250000	
0.326000000	
0.332125000	
0.338375000	
0.515937500	
0.520375000	
0.525625000	
0.530750000	
0.536125000	
0.541312500	
0.546875000	
0.552125000	
0.557625000	
0.562875000	
0.568312500	
0.573750000	
0.579125000	
0.584500000	
0.589750000	
0.595125000	
0.600500000	
0.605750000	
0.611000000	
0.616312500	
0.621625000	
0.627000000	
0.632250000	
0.637375000	
0.642625000	
0.647750000	
0.653062500	
0.658250000	
0.663312500	
0.668437500	
0.673500000	
0.678625000	
0.683500000	
0.688437500	
0.693750000	
0.698750000	
0.703812500	
0.708875000	
0.713687500	
0.719062500	
0.724000000	
0.729375000	
0.734812500	
0.740312500	
0.745812500	
0.751437500	
0.757062500	
0.762562500	
0.767812500	
0.773125000	
0.778312500	
0.783375000	
0.788437500	
0.793687500	
0.798812500	
0.803937500	
0.809187500	
0.814437500	
0.819750000	
0.825000000	
0.830312500	
0.835750000	
0.841062500	
0.846625000	
0.852125000	
0.857750000	
0.863687500	
0.869562500	
0.875625000	
0.881625000	
0.887562500	
0.893562500	
0.899562500	
0.905312500	
0.911000000	
0.916687500	
0.922250000	
0.927687500	
0.933312500	
0.938625000	
0.944250000	
0.949687500	
0.955187500	
0.960875000	
0.966375000	
0.972187500	
0.978312500	
0.984937500	
1.094000000	
1.098937500	
1.104187500	
1.109687500	
1.115250000	
1.120937500	
1.126500000	
1.132125000	
1.137750000	
1.143375000	
1.148937500	
1.154562500	
1.160125000	
1.165750000	
1.171250000	
1.176937500	
1.182500000	
1.188125000	
1.193687500	
1.199312500	
1.204875000	
1.210437500	
1.216000000	
1.221437500	
1.226812500	
1.232250000	
1.237625000	
1.243000000	
1.248437500	
1.253687500	
1.258937500	
1.264250000	
1.269625000	
1.274875000	
1.280187500	
1.285500000	
1.291125000	
1.377250000	
1.381687500	
1.386875000	
1.392500000	
1.398312500	
1.404250000	
1.410687500	
1.417250000	
1.458875000	
1.463687500	
1.469000000	
1.474437500	
1.479875000	
1.485312500	
1.490937500	
1.496437500	
1.502000000	
1.507625000	
1.513187500	
1.518750000	
1.524375000	
1.529937500	
1.535750000	
1.541250000	
1.546937500	
1.552625000	
1.558187500	
1.563937500	
1.569312500	
1.575187500	
1.580750000	
1.586437500	
1.592125000	
1.597812500	
1.603437500	
1.609187500	
1.614875000	
1.620562500	
1.626375000	
1.632125000	
1.637937500	
1.643750000	
1.649625000	
1.655437500	
1.661375000	
1.667375000	
1.673625000	
1.680250000	
1.687062500	
1.694187500	
1.700937500	
1.708062500	
1.714250000	
1.720625000	
1.726937500	
1.733062500	
1.738062500	
1.743062500	
1.749000000	
1.755187500	
1.761250000	
1.767375000	
1.773500000	
1.779687500	
1.786062500	
1.792250000	
1.798437500	
1.804562500	
1.810812500	
1.816875000	
1.822937500	
1.829125000	
1.835250000	
1.841437500	
1.847562500	
1.853500000	
1.859625000	
1.865687500	
1.871812500	
1.877750000	
1.883750000	
1.889812500	
1.895750000	
1.901750000	
1.907687500	
1.913687500	
1.919625000	
1.925437500	
1.931312500	
1.937125000	
1.943000000	
1.948812500	
1.954687500	
1.960500000	
1.966187500	
1.972000000	
1.977750000	
1.983500000	
1.989250000	
1.995000000	
2.000687500	
2.006437500	
2.012062500	
2.017750000	
2.023500000	
2.029125000	
2.034750000	
2.040437500	
2.046062500	
2.051625000	
2.057187500	
2.062875000	
2.068437500	
2.074000000	
2.079750000	
2.356500000	
2.361500000	
2.366937500	
2.372500000	
2.378125000	
2.383875000	
2.389562500	
2.395437500	
2.401312500	
2.407312500	
2.413312500	
2.419437500	
2.425625000	
2.431812500	
2.438125000	
2.444500000	
2.450875000	
2.457375000	
2.463812500	
2.470375000	
2.476937500	
2.483562500	
2.490250000	
2.496812500	
2.503500000	
2.510312500	
2.517125000	
2.523312500	
