0.218000000
0.222125000
0.229062500
0.234187500
0.239875000
0.245562500
0.251312500
0.256937500
0.262687500
0.268312500
0.273937500
0.279625000
0.285250000
0.290875000
0.296500000
0.302062500
0.307687500
0.313250000
0.318750000
0.324250000
0.329750000
0.335250000
0.340562500
0.346000000
0.351562500
0.357375000
0.511937500
0.517687500
0.523562500
0.529562500
0.535625000
0.541812500
0.548062500
0.554312500
0.560625000
0.566875000
0.573187500
0.579500000
0.585875000
0.592250000
0.598687500
0.605125000
0.611625000
0.618187500
0.624687500
0.631250000
0.637875000
0.644500000
0.651062500
0.657625000
0.664250000
0.670812500
0.677375000
0.683875000
0.690437500
0.696937500
0.703437500
0.710000000
0.716500000
0.723000000
0.729562500
0.736062500
0.742375000
0.748750000
0.755000000
0.761312500
0.767812500
0.987375000
0.992000000
0.997500000
1.002750000
1.008187500
1.013687500
1.019187500
1.024687500
1.030250000
1.035812500
1.041437500
1.047062500
1.052875000
1.058687500
1.064562500
1.070437500
1.076312500
1.082187500
1.088000000
1.093937500
1.099875000
1.105875000
1.111937500
1.118062500
1.124187500
1.130375000
1.136562500
1.142937500
1.149250000
1.155625000
1.162062500
1.168500000
1.175000000
1.181500000
1.188125000
1.194625000
1.201250000
1.207812500
1.214437500
1.221062500
1.227562500
1.234062500
1.240562500
1.247062500
1.253500000
1.259875000
1.266250000
1.272500000
1.278812500
1.285062500
1.291375000
1.297625000
1.303500000
1.309562500
1.315812500
1.452000000
1.457187500
1.462875000
1.468437500
1.474062500
1.479687500
1.485312500
1.490937500
1.496750000
1.502750000
1.508750000
1.514812500
1.520875000
1.526937500
1.532937500
1.538937500
1.544875000
1.550562500
1.556250000
1.561812500
1.567312500
1.572812500
1.578312500
1.583875000
1.589500000
1.595312500
1.601312500
1.607312500
1.613500000
1.619937500
1.675750000
1.681000000
1.686437500
1.692062500
1.697750000
1.703437500
1.709187500
1.714875000
1.720687500
1.726562500
1.732437500
1.738250000
1.744187500
1.750125000
1.756062500
1.762000000
1.768000000
1.774062500
1.780125000
1.786250000
1.792437500
1.798562500
1.804750000
1.810937500
1.817187500
1.823500000
1.829750000
1.836062500
1.842437500
1.848812500
1.855250000
1.861687500
1.868187500
1.874687500
1.881250000
1.887812500
1.894437500
1.900937500
1.907437500
1.913937500
1.920500000
1.927062500
1.933687500
1.940250000
1.946937500
1.953562500
1.960125000
1.966625000
1.973437500
