0.241500000
0.246937500
0.252375000
0.257812500
0.263125000
0.268687500
0.274062500
0.279562500
0.284812500
0.290250000
0.295562500
0.301000000
0.306437500
0.311875000
0.317250000
0.322625000
0.328062500
0.333562500
0.339062500
0.344562500
0.350062500
0.355750000
0.361312500
0.366875000
0.372437500
0.377875000
0.383500000
0.389125000
0.394625000
0.400062500
0.405562500
0.411062500
0.416625000
0.422187500
0.427750000
0.433312500
0.438875000
0.444437500
0.450000000
0.455562500
0.461125000
0.466437500
0.471937500
0.477437500
0.483000000
0.488375000
0.493750000
0.499062500
0.504062500
0.509250000
0.514375000
0.519625000
0.525312500
0.634937500
0.640000000
0.645062500
0.650500000
0.655812500
0.661000000
0.666500000
0.671812500
0.677312500
0.682812500
0.688312500
0.693937500
0.699500000
0.705187500
0.710812500
0.716562500
0.722187500
0.728000000
0.733937500
0.739687500
0.745500000
0.751312500
0.757062500
0.762812500
0.768375000
0.774312500
0.779937500
0.785750000
0.791437500
0.797312500
0.803062500
0.808750000
0.814437500
0.820125000
0.825625000
0.831375000
0.837250000
0.842750000
0.848500000
0.854125000
0.859812500
0.865437500
0.871125000
0.876875000
0.882562500
0.888375000
0.894187500
0.899937500
0.905750000
0.911625000
0.917500000
0.923375000
0.929375000
0.935312500
0.941250000
0.947250000
0.953312500
0.959250000
0.965375000
0.971500000
0.977250000
0.983375000
1.140687500
1.144812500
1.150437500
1.156000000
1.161750000
1.167625000
1.173687500
1.179687500
1.185687500
1.191812500
1.197937500
1.204062500
1.210250000
1.216437500
1.222625000
1.228812500
1.235000000
1.241187500
1.247375000
1.253500000
1.259562500
1.265562500
1.271687500
1.277812500
1.284062500
1.290187500
1.296312500
1.302500000
1.308687500
1.314812500
1.320875000
1.326937500
1.333000000
1.339000000
1.345000000
1.350937500
1.356875000
1.362812500
1.368812500
1.374687500
1.380562500
1.386437500
1.392500000
1.398562500
1.404875000
1.411250000
1.417937500
1.424812500
1.433500000
1.446125000
1.462625000
1.479750000
1.492187500
1.498875000
1.504750000
1.510625000
1.516687500
1.522625000
1.528812500
1.534687500
1.540750000
1.546812500
1.552750000
1.558812500
1.564812500
1.570937500
1.577000000
1.583125000
1.589312500
1.595375000
1.601500000
1.607625000
1.613750000
1.619937500
1.626000000
1.632187500
1.638312500
1.644375000
1.650625000
1.656812500
1.663000000
1.669250000
1.675562500
1.681687500
1.687875000
1.694062500
1.700250000
1.706375000
1.712437500
1.718562500
1.724750000
1.730937500
1.737250000
1.743375000
1.749500000
1.755562500
1.761625000
1.767875000
1.773937500
1.780125000
1.786250000
1.792375000
1.798500000
1.804687500
1.810875000
1.816875000
1.823000000
1.829000000
1.835062500
1.841000000
1.846875000
1.852687500
1.858562500
1.864312500
1.870125000
1.875937500
1.881750000
1.887500000
1.893375000
1.899187500
1.905125000
1.911125000
1.916937500
1.922937500
1.929000000
1.935562500
1.941187500
1.952437500
1.968125000	
1.999125000	
2.016625000	
2.031437500
2.037562500
2.049437500
2.056687500
2.062000000	
2.068375000
2.074562500
2.080812500
2.087187500
2.093625000
2.100125000
2.106687500
2.113312500
2.119875000
2.126500000
2.133125000
2.139812500
2.146500000
2.153187500
2.159875000
2.166687500
2.173437500
2.180125000
2.187000000
2.193812500
2.200625000
2.207437500
2.214187500
2.221000000
2.227875000
2.234687500
2.241500000
2.248250000
2.254937500
2.261812500
2.268562500
2.275250000
2.281875000
2.288500000
2.295000000
2.301062500
2.307562500
2.314062500
2.320625000
2.326875000
2.333312500
2.339750000
2.346250000
2.352812500
2.359375000
