0.216187500	
0.220312500	
0.225437500	
0.230375000	
0.235375000	
0.240437500	
0.245500000	
0.250562500	
0.255625000	
0.260750000	
0.265750000	
0.270937500	
0.276062500	
0.281187500	
0.286437500	
0.291750000	
0.297187500	
0.302687500	
0.308125000	
0.313812500	
0.319375000	
0.324875000	
0.330250000	
0.335562500	
0.340937500	
0.346312500	
0.351562500	
0.356687500	
0.361812500	
0.367062500	
0.372312500	
0.377437500	
0.382812500	
0.388000000	
0.393312500	
0.398562500	
0.403750000	
0.409187500	
0.414437500	
0.419687500	
0.425187500	
0.430437500	
0.435812500	
0.441125000	
0.446250000	
0.451625000	
0.456875000	
0.462250000	
0.467375000	
0.472625000	
0.477812500	
0.482812500	
0.487937500	
0.493062500	
0.498062500	
0.502937500	
0.508000000	
0.512875000	
0.517875000	
0.522875000	
0.527750000	
0.532625000	
0.537500000	
0.542375000	
0.547250000	
0.551937500	
0.556687500	
0.561375000	
0.566312500	
0.570750000	
0.575687500	
0.580187500	
0.585000000	
0.589750000	
0.594625000	
0.599250000	
0.604062500	
0.608875000	
0.613500000	
0.618312500	
0.623187500	
0.627812500	
0.632625000	
0.637437500	
0.642250000	
0.647187500	
0.651937500	
0.656812500	
0.661812500	
0.666562500	
0.671562500	
0.676375000	
0.681562500	
0.686375000	
0.691562500	
0.696750000	
0.701750000	
0.707187500	
0.712312500	
0.717625000	
0.723000000	
0.728625000	
0.734500000	
0.740187500	
0.746250000	
0.752625000	
0.759312500	
0.806000000	
0.811125000	
0.816687500	
0.822062500	
0.827437500	
0.832937500	
0.838375000	
0.843875000	
0.849625000	
0.855500000	
0.861312500	
0.867500000	
0.873687500	
0.880000000	
0.886312500	
0.892937500	
0.899562500	
0.906437500	
0.929812500	
0.935062500	
0.940562500	
0.946250000	
0.951875000	
0.957375000	
0.963062500	
0.968562500	
0.974250000	
0.979812500	
0.985250000	
0.991000000	
0.996437500	
1.002000000	
1.007562500	
1.013250000	
1.018875000	
1.024562500	
1.030500000	
1.036500000	
1.042437500	
1.048375000	
1.054375000	
1.060500000	
1.066687500	
1.072875000	
1.079062500	
1.085500000	
1.092062500	
1.098750000	
1.159312500	
1.164500000	
1.169937500	
1.175562500	
1.181250000	
1.187125000	
1.192750000	
1.198562500	
1.204437500	
1.210312500	
1.215875000	
1.221937500	
1.227812500	
1.233687500	
1.239562500	
1.245562500	
1.251375000	
1.257437500	
1.263312500	
1.269375000	
1.275125000	
1.281000000	
1.287000000	
1.292937500	
1.298750000	
1.304437500	
1.310500000	
1.316312500	
1.322375000	
1.328000000	
1.333937500	
1.339687500	
1.345750000	
1.351437500	
1.357437500	
1.363312500	
1.369000000	
1.374812500	
1.380687500	
1.386687500	
1.393000000	
1.399500000	
1.406562500	
1.414187500	
1.420375000	
1.430562500	
1.437000000	
1.446000000	
1.450937500	
1.459062500	
1.464937500	
1.471250000	
1.477250000	
1.483250000	
1.489312500	
1.495250000	
1.501312500	
1.507187500	
1.513312500	
1.519562500	
1.525625000	
1.531562500	
1.537750000	
1.543750000	
1.549687500	
1.555562500	
1.561500000	
1.567375000	
1.573500000	
1.579437500	
1.585687500	
1.591875000	
1.597875000	
1.604312500	
1.610500000	
1.616812500	
1.623062500	
1.629375000	
1.635437500	
1.641812500	
1.648000000	
1.654062500	
1.660437500	
1.666750000	
1.672937500	
1.679187500	
1.685437500	
1.691625000	
1.697687500	
1.703875000	
1.709937500	
1.716062500	
1.722125000	
1.727937500	
1.734062500	
1.740312500	
1.746250000	
1.752125000	
1.758437500	
1.764625000	
1.945625000	
1.951625000	
1.957875000	
1.964187500	
1.970687500	
1.977187500	
1.983687500	
1.990375000	
1.997000000	
2.004000000	
2.010750000	
2.017750000	
2.024562500	
2.031625000	
2.038437500	
2.045437500	
2.052250000	
2.059000000	
2.065812500	
2.072437500	
2.079062500	
2.085812500	
2.092500000	
2.099187500	
2.106000000	
