0.2265625
0.2305625
0.2349375
0.239375
0.2439375
0.2485
0.2531875
0.258
0.4131875
0.41725
0.4214375
0.4256875
0.43
0.4343125
0.438625
0.442875
0.447125
0.451375
0.4555625
0.45975
0.463875
0.468
0.472
0.476
0.479875
0.48375
0.487625
0.6965
0.7
0.704
0.7080625
0.712125
0.7161875
0.7203125
0.7244375
0.7285
0.732625
0.73675
0.741
0.745375
0.75
0.75475
0.7595625
0.7645
0.7695
0.7744375
0.7795
0.7845
0.7895625
0.7946875
0.79975
0.804875
0.81
0.8150625
0.820125
0.8249375
0.82925
0.8335
0.837625
0.8418125
0.8460625
0.8503125
0.854625
0.859
0.863375
0.86775
0.872125
0.8765625
0.881
0.8854375
0.889875
0.894375
0.898875
0.903375
0.9079375
0.9125625
0.91725
0.9219375
0.926625
0.9313125
0.9360625
0.94075
0.9454375
0.9501875
0.954875
0.959625
0.964375
0.969125
0.973875
0.978625
0.983375
0.988125
0.9929375
0.9976875
1.0025
1.0073125
1.012125
1.017
1.0218125
1.0266875
1.0315625
1.0364375
1.041375
1.0463125
1.0511875
1.0561875
1.0611875
1.06625
1.0713125
1.0764375
1.0815625
1.0866875
1.0919375
1.0971875
1.1024375
1.1078125
1.1130625
1.1184375
1.1238125
1.1291875
1.1345625
1.14
1.145375
1.150875
1.1563125
1.1618125
1.167375
1.1728125
1.1783125
1.1838125
1.189375
1.194875
1.2003125
1.2059375
1.211125
1.2165
1.2219375
1.2275625
1.3463125
1.3514375
1.3566875
1.362
1.36725
1.3725625
1.3778125
1.383125
1.3884375
1.39375
1.3990625
1.404375
1.40975
1.4150625
1.420375
1.42575
1.431125
1.4365625
1.442
1.447375
1.45275
1.4581875
1.4635625
1.469
1.4744375
1.479875
1.4853125
1.49075
1.4961875
1.5016875
1.5071875
1.51275
1.5183125
1.524
1.5298125
1.5356875
1.541625
1.5476875
1.553875
1.559875
1.5656875
1.57125
1.5766875
1.582
1.5873125
1.592625
1.5979375
1.60325
1.6085
1.61375
1.619
1.62425
1.6295
1.634625
1.6396875
1.6448125
1.64975
1.65475
1.659625
1.6644375
1.6693125
1.674125
1.679125
1.7819375
1.7869375
1.792375
1.7980625
1.8038125
1.8096875
1.8155
1.8211875
1.8266875
1.832125
1.8375625
1.843
1.8484375
1.8539375
2.0081875
2.0133125
2.018625
2.0239375
2.0293125
2.0346875
2.04
2.045375
2.05075
2.056125
2.0614375
2.0668125
2.072125
2.0775
2.082875
2.08825
2.0935625
2.0989375
2.1043125
2.109625
2.115
2.120375
2.1256875
2.1310625
2.136375
2.1416875
2.1470625
2.1524375
2.1578125
2.16325
2.16875
2.1743125
2.18
2.185875
2.1916875
2.19725
2.2026875
2.208125
2.2135625
2.219125
2.2246875
2.23025
2.235875
2.2415
2.247125
2.2528125
2.2584375
2.264125
2.269875
2.275625
2.281375
2.287125
2.2929375
2.29875
2.304625
2.3105
2.316375
2.3223125
2.32825
2.3341875
2.3401875
2.3461875
2.3521875
2.3581875
2.3641875
2.37025
2.37625
2.382375
2.388375
2.394375
2.4003125
2.40625
2.4121875
2.4180625
2.423875
2.4296875
2.4355
2.4413125