0.226612
0.230987
0.235863
0.240675
0.245550
0.250425
0.255425
0.260363
0.265363
0.270363
0.275363
0.280425
0.285488
0.290613
0.295738
0.300800
0.305988
0.311238
0.316675
0.322238
0.327988
0.333363
0.338425
0.347238
0.353113
0.360988
0.365800
0.372863
0.377800
0.383925
0.389238
0.394800
0.400300
0.405738
0.411175
0.416550
0.421988
0.427425
0.432863
0.438300
0.443738
0.449113
0.454550
0.459988
0.465363
0.470800
0.476175
0.481550
0.486988
0.492300
0.497738
0.503113
0.508425
0.513800
0.519112
0.524488
0.529863
0.535175
0.540550
0.545863
0.551175
0.556425
0.561738
0.566987
0.572238
0.577550
0.582800
0.588050
0.593300
0.598675
0.604175
0.609675
0.615175
0.620738
0.626363
0.631988
0.637613
0.643112
0.648487
0.653800
0.659050
0.664362
0.669675
0.674925
0.680238
0.685613
0.691050
0.696612
0.702238
0.707925
0.713800
0.719800
0.725800
0.731800
0.737862
0.743862
0.749800
0.755613
0.761363
0.767112
0.772800
0.778488
0.784050
0.789613
0.795113
0.800550
0.805987
0.811425
0.816925
0.822425
0.827925
0.833488
0.839050
0.844738
0.850488
0.856237
0.861988
0.867675
0.873487
0.879238
0.885050
0.890800
0.896613
0.902488
0.908238
0.914050
0.919800
0.925675
0.931488
0.937238
0.943050
0.948925
0.954738
0.960550
0.966425
0.972300
0.978237
0.984113
0.990050
0.995988
1.001988
1.007925
1.013863
1.019863
1.025863
1.031925
1.037988
1.044050
1.050113
1.056175
1.062237
1.068363
1.074425
1.080488
1.086613
1.092675
1.098675
1.104800
1.110863
1.116925
1.123050
1.129175
1.135238
1.141363
1.147488
1.153612
1.159738
1.165863
1.171988
1.178113
1.184238
1.190487
1.196738
1.202925
1.209050
1.215050
1.221050
1.226988
1.232988
1.238925
1.244863
1.250800
1.256738
1.262675
1.268550
1.274425
1.280363
1.286175
1.291862
1.297488
1.303113
1.308925
1.458050
1.462425
1.467988
1.473550
1.479175
1.484863
1.490613
1.496425
1.502300
1.508238
1.514113
1.519988
1.525925
1.531800
1.537675
1.543550
1.549488
1.555363
1.561363
1.567425
1.573675
1.580050
1.586550
1.593238
1.599863
1.606550
1.613112
1.619550
1.625863
1.631925
1.637925
1.643738
1.649612
1.655363
1.661175
1.666925
1.672800
1.678675
1.684425
1.690175
1.695863
1.701613
1.707175
1.712675
1.718112
1.723550
1.728863
1.734175
1.739425
1.744675
1.750113
1.755675
1.761300
1.766925
1.772550
1.778300
1.784113
1.789925
1.795800
1.801738
1.807613
1.813425
1.819238
1.825112
1.830988
1.836925
1.842800
1.848737
1.854737
1.860675
1.866613
1.872675
1.878737
1.884738
1.890800
1.896800
1.902800
1.908863
1.914800
1.920738
1.926738
1.932738
1.938800
1.944988
1.951300
1.957738
1.964300
1.971050
1.977800
1.984175
1.990363
1.996050
2.001987
2.007925
2.013863
2.019800
2.025800
2.031862
2.037925
2.043988
2.050050
2.056113
2.062175
2.068238
2.074300
2.080363
2.086488
2.092613
2.098737
2.104800
2.110988
2.117113
2.123300
2.129488
2.135737
2.141925
2.148112
2.154488
2.160738
2.166987
2.173237
2.179550
2.185800
2.192112
2.198425
2.204675
2.210987
2.217363
2.223675
2.229988
2.236300
2.242612
2.248925
2.255175
2.261487
2.267738
2.274050
2.280362
2.286738
2.293112
