0.225437500
0.230562500
0.236062500
0.241625000
0.247187500
0.253062500
0.258562500
0.264375000
0.270000000
0.275687500
0.281312500
0.287375000
0.293250000
0.299250000
0.305437500
0.311562500
0.317812500
0.323937500
0.330062500
0.336125000
0.342125000
0.348000000
0.353937500
0.359687500
0.365562500
0.371187500
0.377125000
0.382750000
0.388437500
0.394125000
0.399687500
0.405187500
0.410750000
0.416250000
0.421812500
0.427500000
0.433250000
0.439062500
0.444937500
0.450812500
0.456750000
0.462687500
0.468687500
0.474687500
0.480812500
0.487062500
0.493312500
0.499625000
0.505937500
0.512250000
0.518250000
0.524062500
0.530000000
0.535875000
0.541750000
0.547562500
0.553437500
0.559312500
0.565187500
0.571062500
0.576875000
0.582750000
0.588687500
0.594562500
0.600500000
0.606375000
0.612312500
0.618250000
0.624187500
0.630062500
0.635875000
0.641625000
0.647562500
0.653812500
0.659875000
0.786187500
0.791562500
0.797250000
0.803062500
0.809187500
0.815187500
0.821250000
0.827562500
0.834062500
0.840750000
0.847562500
0.854562500
0.861625000
0.901750000
0.907562500
0.913625000
0.919750000
0.925812500
0.931687500
0.937812500
0.943812500
0.949937500
0.955937500
0.961937500
0.967812500
0.973937500
0.979875000
0.985875000
0.992250000
0.998312500
1.004687500
1.011250000
1.017687500
1.024187500
1.030687500
1.036625000
1.042500000
1.048125000
1.053687500
1.059312500
1.064875000
1.070375000
1.075937500
1.081500000
1.087000000
1.092687500
1.098187500
1.103812500
1.109375000
1.115000000
1.120625000
1.126312500
1.131937500
1.137687500
1.143375000
1.149187500
1.155000000
1.160875000
1.166750000
1.172625000
1.178500000
1.184375000
1.190250000
1.196187500
1.202187500
1.207875000
1.214000000
1.220312500
1.226875000
1.350375000
1.355812500
1.361625000
1.367375000
1.373187500
1.379187500
1.385187500
1.391312500
1.397500000
1.403562500
1.409875000
1.416375000
1.422687500
1.429312500
1.436000000
1.442812500
1.449750000
