0.226362
0.231175
0.235987
0.240925
0.245800
0.250738
0.255675
0.260675
0.265675
0.270675
0.275675
0.280738
0.285800
0.290863
0.295988
0.301050
0.306238
0.311363
0.316550
0.321800
0.327050
0.332300
0.337550
0.342800
0.348113
0.353425
0.358738
0.364050
0.369363
0.374738
0.380050
0.385363
0.390675
0.396050
0.401363
0.406675
0.411988
0.417300
0.422613
0.427988
0.433300
0.438613
0.443925
0.449238
0.454550
0.459800
0.465113
0.470425
0.475675
0.480925
0.486238
0.491488
0.496675
0.501925
0.507113
0.512300
0.517487
0.522675
0.527863
0.533050
0.538175
0.543362
0.548488
0.553613
0.558738
0.563925
0.568987
0.574113
0.579175
0.584238
0.589300
0.594300
0.599363
0.604425
0.609425
0.614550
0.619738
0.628613
0.660050
0.696050
0.700675
0.707238
0.710863
0.717050
0.721363
0.727050
0.732113
0.737425
0.742613
0.747925
0.753300
0.758613
0.763988
0.769363
0.774675
0.780050
0.785425
0.790800
0.796175
0.801550
0.806987
0.812425
0.817863
0.823425
0.828987
0.834612
0.840300
0.845925
0.851612
0.857237
0.862862
0.868363
0.873800
0.879238
0.884613
0.889925
0.895300
0.900613
0.905925
0.911238
0.916550
0.921863
0.927175
0.932425
0.937738
0.943113
0.948488
0.954050
0.959925
0.965738
0.972612
1.077675
1.082300
1.087175
1.092175
1.097175
1.102238
1.107425
1.112675
1.118050
1.123488
1.128925
1.134425
1.139925
1.145425
1.151050
1.156613
1.162238
1.167925
1.173612
1.179363
1.185050
1.190862
1.196675
1.202425
1.208175
1.213925
1.219675
1.225425
1.231113
1.236863
1.242613
1.248363
1.254238
1.260113
1.266113
1.272175
1.278300
1.284488
1.290738
1.297050
1.303425
1.309800
1.316175
1.322488
1.328675
1.334800
1.340988
1.347238
1.353425
1.359675
1.365925
1.372362
1.378737
1.385175
1.391488
1.397987
1.404425
1.410925
1.417363
1.423925
1.430487
1.437050
1.443675
1.450112
1.456613
1.463113
1.469488
1.475925
1.482363
1.488800
1.495175
1.501613
1.507988
1.514363
1.520738
1.527238
1.533738
1.540363
1.546863
