0.2321875
0.2369375
0.241875
0.246875
0.2519375
0.257
0.2620625
0.267125
0.27225
0.2774375
0.2825625
0.28775
0.292875
0.298
0.303125
0.3081875
0.31325
0.31825
0.32325
0.3281875
0.333125
0.338
0.3428125
0.3475625
0.3523125
0.3570625
0.361625
0.3664375
0.371
0.37575
0.380375
0.385
0.389625
0.3943125
0.398875
0.4035625
0.408125
0.4125
0.417375
0.42175
0.426625
0.431125
0.435875
0.4405625
0.44525
0.4498125
0.454375
0.4590625
0.463625
0.4683125
0.472875
0.4775625
0.482
0.486875
0.4915
0.4961875
0.5009375
0.5056875
0.5105625
0.5155625
0.520875
0.5268125
0.602125
0.607125
0.61225
0.6174375
0.6226875
0.6279375
0.6331875
0.6384375
0.6436875
0.6489375
0.6541875
0.6595
0.664875
0.6701875
0.6755
0.68075
0.6860625
0.691375
0.6966875
0.702
0.707375
0.712625
0.7179375
0.72325
0.7285625
0.7338125
0.7390625
0.7443125
0.7495625
0.7548125
0.76
0.7651875
0.7703125
0.7754375
0.7805
0.7855625
0.7905625
0.7955625
0.8005
0.805375
0.81025
0.8150625
0.819875
0.8246875
0.8294375
0.8341875
0.8389375
0.843625
0.84825
0.8529375
0.857625
0.862125
0.86675
0.8711875
0.875625
0.880125
0.884625
0.889
0.8935625
0.89825
0.9025625
0.906875
0.9115625
0.916
0.920375
0.925125
0.929625
0.93425
0.938625
0.9434375
0.948
0.9526875
0.9575
0.9620625
0.9668125
0.9715625
0.9764375
0.9813125
0.9861875
0.9911875
0.9961875
1.0011875
1.00625
1.011375
1.0165
1.021625
1.0268125
1.032
1.0371875
1.042375
1.047625
1.05275
1.058
1.0631875
1.068375
1.073625
1.07875
1.0839375
1.089125
1.0943125
1.0995
1.104625
1.10975
1.1149375
1.1200625
1.1251875
1.13025
1.1353125
1.140375
1.1454375
1.1504375
1.1555
1.1605
1.1655
1.1705
1.1755625
1.180625
1.18575
1.190875
1.196125
1.2014375
1.2858125
1.290625
1.295625
1.3004375
1.3055
1.3105625
1.31575
1.320875
1.3260625
1.331375
1.336625
1.3419375
1.34725
1.352625
1.358
1.363375
1.3688125
1.37425
1.379625
1.3850625
1.3904375
1.395875
1.40125
1.406625
1.412
1.417375
1.4226875
1.4280625
1.4335
1.438875
1.4443125
1.4496875
1.4551875
1.4606875
1.466125
1.471625
1.477125
1.482625
1.488125
1.4936875
1.49925
1.5048125
1.5105
1.5161875
1.5219375
1.52775
1.5335625
1.5393125
1.545125
1.550875
1.5566875
1.5625
1.56825
1.574125
1.5799375
1.5856875
1.5914375
1.59725
1.6029375
1.608625
1.6143125
1.6200625
1.6256875
1.631375
1.637
1.64275
1.648375
1.654
1.6596875
1.6653125
1.6709375
1.6765625
1.682125
1.6876875
1.6931875
1.69875
1.7043125
1.709875
1.7154375
1.721
1.7265
1.7320625
1.7375625
1.743125
1.74875
1.754375
1.760375
1.905875
1.911
1.91625
1.921625
1.9270625
1.9324375
1.937875
1.94325
1.94875
1.9541875
1.959625
1.9651875
1.97075
1.9763125
1.982
1.987875
1.9938125
1.99975
2.0056875
2.0115625
2.0175
2.023375
2.02925
2.03525
2.041125
2.047125
2.0530625
2.059
2.0649375
2.070875
2.076875
2.0828125
2.0888125
2.09475
2.1006875
2.1066875
2.112625
2.1185
2.1244375
2.130375
2.13625
2.142125
2.148
2.153875
2.1598125