0.218375
0.222125
0.22625
0.2306875
0.23525
0.239875
0.244625
0.2493125
0.2540625
0.25875
0.2635
0.26825
0.273
0.2776875
0.282375
0.2870625
0.2916875
0.2963125
0.300875
0.3054375
0.3099375
0.3144375
0.318875
0.3233125
0.32775
0.332125
0.3365
0.3408125
0.3450625
0.349375
0.3535625
0.3579375
0.362375
0.367
0.3716875
0.376375
0.381125
0.3858125
0.3905
0.3951875
0.399875
0.4045625
0.40925
0.4139375
0.4186875
0.4234375
0.42825
0.433125
0.437875
0.4424375
0.447125
0.451875
0.456625
0.461625
0.46675
0.521625
0.5261875
0.5314375
0.5365625
0.5416875
0.5469375
0.5523125
0.5576875
0.5630625
0.56875
0.574
0.5795
0.5855
0.59075
0.596625
0.601875
0.60725
0.613
0.6181875
0.6240625
0.6294375
0.6349375
0.640375
0.6459375
0.651625
0.65725
0.663
0.6686875
0.6745
0.6805
0.73775
0.7423125
0.74775
0.753
0.758375
0.7636875
0.7690625
0.774375
0.7798125
0.785
0.7905
0.7956875
0.8010625
0.806375
0.81175
0.817
0.8224375
0.8275625
0.833
0.838375
0.8435625
0.84875
0.854125
0.8593125
0.8646875
0.8698125
0.875125
0.88025
0.8855625
0.890625
0.895875
0.9009375
0.9061875
0.91125
0.916375
0.921375
0.9265
0.9314375
0.9365
0.9414375
0.9465
0.9514375
0.9564375
0.961375
0.9663125
0.9713125
0.97625
0.98125
0.9863125
0.991375
0.9965625
1.00175
1.0070625
1.0125625
1.018125
1.0238125
1.0296875
1.0623125
1.06725
1.07275
1.078125
1.0835625
1.0890625
1.094625
1.10025
1.1059375
1.111625
1.117375
1.123
1.128875
1.1345625
1.1401875
1.145875
1.1514375
1.157
1.162375
1.168
1.1735625
1.1796875
1.34275
1.3470625
1.3516875
1.3565
1.3613125
1.3661875
1.371125
1.376125
1.3810625
1.3860625
1.3911875
1.3963125
1.4015625
1.4071875
1.4128125
1.4186875
1.4246875
1.4306875
1.4365
1.4421875
1.4476875
1.453125
1.4585625
1.464
1.4695625
1.475125
1.4809375
1.4865625
1.4925
1.498125
1.504
1.5096875
1.515625
1.5213125
1.52725
1.532875
1.538875
1.5445
1.5505625
1.5561875
1.562375
1.5681875
1.5743125
1.580375
1.586625
1.593125
1.766375
1.7714375
1.7769375
1.782125
1.7875625
1.7929375
1.798375
1.80375
1.809125
1.8145
1.8199375
1.82525
1.830625
1.836
1.8413125
1.8465625
1.851875
1.8571875
1.8624375
1.8676875
1.873
1.87825
1.8838125
1.8898125
1.985875
1.991375
1.9966875
2.0025
2.0085625
2.0148125
2.0213125
2.027875
2.0344375
2.0408125
2.06325
2.0678125
2.07325
2.078625
2.084125
2.08975
2.095375
2.101125
2.1068125
2.112625
2.1183125
2.1241875
2.1298125
2.13575
2.141375
2.147375
2.1530625
2.159125
2.16475
2.1708125
2.1764375
2.1825625
2.1880625
2.1941875
2.19975
2.2056875
2.2113125
2.217125
2.2226875
2.2285
2.2340625
2.2398125
2.2454375
2.2510625
2.2566875
2.26225
2.26775
2.2733125
2.2788125
2.2843125
2.2898125
2.2951875
2.3006875
2.306125
2.3115625
2.3169375
2.322375
2.32775
2.3330625
2.3384375
2.3438125
2.3491875
2.3545625
2.359875
2.3651875
2.3705625
2.3758125
2.3811875
2.3865
2.39175
2.3970625
2.402375
2.4076875
2.413
2.4183125
2.4236875
2.429
2.4343125
2.4396875
2.445
2.450375
2.45575
2.461125
2.4665
2.471875
2.4773125
2.4826875
2.488125
2.4936875
2.4991875
2.5046875
2.5101875
2.51575
2.52125
2.52675
2.53225
2.5378125
2.5433125
2.5488125
2.5543125
2.5598125
2.56525
2.57075
2.57625
2.5818125
2.5873125
2.59275
2.5983125
2.6038125
2.609375
2.614875
2.6204375
2.626
2.6315625
2.6371875
2.6428125
2.6484375
2.6540625
2.65975
2.665375
2.671
2.6766875
2.682375
2.6880625
2.6938125
2.6994375
2.705125
2.7108125
2.7165625
2.72225
2.728
2.73375
2.7395
2.7453125
2.751125
2.7569375
2.7626875
2.7685625
2.774375
2.7801875
2.7861875
2.7920625
2.798
2.8039375
2.809875
2.8158125
2.82175
2.8276875
2.833625
2.8395
2.845375
2.851125
2.8569375
2.86275
2.8685
2.8743125
2.880125
2.886
2.892