0.215687500
0.219562500
0.224687500
0.229562500
0.234562500
0.239625000
0.244625000
0.249625000
0.255000000
0.260375000
0.266062500
0.271937500
0.277875000	
0.284187500
0.348687500
0.353562500
0.358687500
0.364062500
0.369375000
0.374687500
0.380000000
0.385375000
0.390687500
0.396187500
0.401687500
0.407125000
0.412625000
0.418062500
0.423562500
0.428937500
0.434625000
0.440187500
0.445625000
0.451062500
0.456750000
0.462125000
0.467750000
0.473437500
0.478937500
0.484500000
0.490000000
0.495562500
0.501062500
0.506625000
0.512000000
0.517500000
0.522937500
0.528375000
0.533562500
0.538875000
0.544187500
0.549437500
0.554750000
0.559750000
0.564937500
0.570062500
0.575125000
0.580250000
0.585312500
0.590437500
0.595562500
0.600812500
0.606125000
0.611562500
0.617250000
0.623312500
0.630375000	
0.667375000
0.673500000
0.678687500
0.684625000
0.690375000
0.696687500
0.702000000
0.707812500
0.713312500
0.719000000
0.724562500
0.730250000
0.735875000
0.741500000
0.747125000
0.752875000
0.850000000
0.855187500
0.860250000
0.865250000
0.870312500
0.875562500
0.880750000
0.886187500
0.891500000
0.896937500
0.902500000
0.908062500
0.913625000
0.919375000
0.925250000
0.931000000
0.936812500
0.942562500
0.948312500
0.953875000
0.959312500
0.964625000
0.969937500
0.975312500
0.980687500
0.986062500
0.991562500
0.996937500
1.002562500
1.008250000
1.013937500
1.019625000
1.025312500
1.031062500
1.036812500
1.042562500
1.048312500
1.054062500
1.059875000
1.065625000
1.071437500
1.077250000
1.083000000
1.088687500
1.094687500
1.100562500
1.106437500
1.112250000
1.118125000
1.123937500
1.129875000
1.135812500
1.141750000
1.147687500
1.153562500
1.159500000
1.165375000
1.171062500
1.177000000
1.182875000
1.189062500
1.194750000
1.200625000
1.206500000
1.212562500
1.218500000
1.224625000
1.230687500
1.236875000
1.242937500
1.249062500
1.255062500
1.261125000
1.267250000
1.273437500
1.279562500
1.285750000
1.291937500
1.298125000
1.304312500
1.310625000
1.317000000
1.323375000
1.329687500
1.336187500
1.342437500
1.348937500
1.355312500
1.361687500
1.368125000
1.374562500
1.380750000
1.387250000
1.393687500
1.399875000
1.406125000
1.411875000
1.417562500
1.423562500
1.429500000
1.632000000
1.637500000
1.643250000
1.649000000
1.654750000
1.660562500
1.666625000
1.672562500
1.678562500
1.684750000
1.826812500
1.832000000
1.837562500
1.843375000
1.849375000
1.855375000
1.861687500
1.867687500
1.873875000
1.880062500
1.886437500
1.892687500
1.898937500
1.905250000
1.911562500
1.917937500
1.924250000
1.930500000
1.936812500
1.943187500
1.949437500
1.955812500
1.962125000
1.968562500
1.974750000
1.981250000
1.987500000
1.993937500
2.000437500
2.006875000
2.013437500
2.020062500
2.025750000
2.038562500
2.051562500
2.064812500
2.071937500
2.077937500
2.085000000
