0.243250000
0.248375000
0.253250000
0.258437500
0.263625000
0.268625000
0.273687500
0.278812500
0.283937500
0.289062500
0.294187500
0.299375000
0.304562500
0.309812500
0.315062500
0.320312500
0.325625000
0.331062500
0.336437500
0.341812500
0.347187500
0.352562500
0.357937500
0.363250000
0.368625000
0.374000000
0.379250000
0.384625000
0.390000000
0.395375000
0.400750000
0.406125000
0.411500000
0.416875000
0.422250000
0.427687500
0.433062500
0.438437500
0.443875000
0.449250000
0.454625000
0.460000000
0.465375000
0.470750000
0.476187500
0.481500000
0.486937500
0.492312500
0.497750000
0.503187500
0.508562500
0.514000000
0.519437500
0.524812500
0.530250000
0.535812500
0.541250000
0.546687500
0.552125000
0.557562500
0.563000000
0.568437500
0.573875000
0.579312500
0.584687500
0.590125000
0.595500000
0.600937500
0.606312500
0.611750000
0.617125000
0.622562500
0.627937500
0.633312500
0.638687500
0.644062500
0.649437500
0.654812500
0.660187500
0.665562500
0.670937500
0.676312500
0.681687500
0.687062500
0.692437500
0.697750000
0.703125000
0.708437500
0.713750000
0.719062500
0.724375000
0.729687500
0.734937500
0.740312500
0.745625000
0.751000000
0.756375000
0.761687500
0.767062500
0.772437500
0.777750000
0.783187500
0.788562500
0.793937500
0.799312500
0.804625000
0.810000000
0.815375000
0.820750000
0.826187500
0.831625000
0.837125000
0.842687500
0.848437500
0.854250000
0.860250000
0.866437500
0.872750000
0.879187500
0.885812500
0.941250000
0.946687500
0.952187500
0.957687500
0.963250000
0.968875000
0.974562500
0.980187500
0.985750000
0.991375000
0.996937500
1.002500000
1.008062500
1.013687500
1.019375000
1.025312500
1.031250000
1.037312500
1.043687500
1.050250000
1.056687500
1.063125000
1.069312500
1.075437500
1.081562500
1.087625000
1.093625000
1.099687500
1.105687500
1.111562500
1.117562500
1.123437500
1.129437500
1.135375000
1.141375000
1.147375000
1.153375000
1.159437500
1.165500000
1.171562500
1.177625000
1.183687500
1.189750000
1.195812500
1.201875000
1.208000000
1.214062500
1.220250000
1.226375000
1.232500000
1.238625000
1.244750000
1.250875000
1.257000000
1.263062500
1.269125000
1.275312500
1.281375000
1.287500000
1.293625000
1.299812500
1.305937500
1.312125000
1.318312500
1.324500000
1.330687500
1.336812500
1.343000000
1.349187500
1.355312500
1.361437500
1.367562500
1.373750000
1.379937500
1.386187500
1.392437500
1.398750000
1.405250000
1.412062500
1.419250000
1.425437500
1.431687500
1.437937500
1.444187500
1.450500000
1.456812500
1.463187500
1.469625000
1.476062500
1.482562500
1.489062500
1.495625000
1.502250000
1.508812500
1.515375000
1.521937500
1.528437500
1.535000000
1.541625000
1.548250000
1.554937500
1.561625000
1.568375000
1.575125000
1.581937500
1.588625000
1.595375000
1.602062500
1.608750000
1.615437500
1.622125000
1.628687500
1.635312500
1.641937500
1.648500000
1.655125000
1.661687500
1.668250000
1.674812500
1.681437500
1.688000000
1.694500000
1.701000000
1.707562500
1.714062500
1.720562500
1.727125000
1.733687500
1.740437500
1.747312500
1.847937500
1.854250000
1.860500000
1.866812500
1.873062500
1.879500000
1.886000000
1.892375000
1.898687500
1.905125000
1.911500000
1.917812500
1.924187500
1.930625000
1.937062500
1.943500000
1.950000000
1.956437500
1.962937500
1.969375000
1.975812500
1.982250000
1.988687500
1.995187500
2.001687500
2.008125000
2.014562500
2.021000000
2.027375000
2.033812500
2.040187500
2.046625000
2.053062500
2.059437500
2.065750000
2.072125000
2.078437500
2.084812500
2.091125000
2.097500000
2.103875000
2.110437500
