0.231937500
0.236312500
0.240937500
0.245750000
0.250437500
0.255312500
0.260062500
0.264937500
0.269875000
0.274750000
0.279812500
0.284750000
0.289625000
0.294562500
0.299500000
0.304375000
0.309250000
0.314125000
0.319000000
0.323937500
0.328812500
0.333687500
0.338500000
0.343312500
0.348125000
0.352875000
0.357687500
0.362437500
0.367187500
0.372000000
0.376875000
0.381812500
0.387000000
0.440000000
0.444000000
0.448312500
0.452812500
0.457312500
0.461812500
0.466437500
0.471187500
0.476000000
0.481000000
0.486125000
0.491312500
0.496625000
0.501875000
0.507250000
0.512687500
0.518125000
0.523562500
0.529062500
0.534437500
0.539687500
0.544750000
0.549687500
0.554562500
0.559375000
0.564187500
0.569062500
0.573937500
0.578812500
0.583812500
0.588875000
0.594125000
0.599312500
0.604562500
0.609875000
0.615062500
0.620250000
0.625500000
0.630687500
0.635875000
0.641125000
0.646375000
0.651687500
0.656937500
0.662312500
0.667625000
0.673000000
0.678375000
0.683875000
0.689312500
0.694812500
0.700437500
0.706125000
0.711937500
0.717875000
0.724125000
0.730312500
0.736312500
0.742062500
0.747750000
0.753250000
0.758687500
0.764250000
0.769750000
0.775312500
0.780937500
0.786562500
0.792125000
0.797750000
0.803375000
0.809000000
0.814562500
0.820187500
0.825812500
0.831375000
0.837062500
0.842687500
0.848437500
0.854250000
0.860312500
1.008125000
1.013625000
1.019312500
1.025125000
1.031000000
1.037000000
1.043000000
1.049000000
1.055062500
1.061125000
1.067312500
1.073500000
1.079750000
1.085937500
1.092250000
1.098500000
1.104812500
1.111125000
1.117375000
1.123687500
1.130000000
1.136375000
1.142750000
1.149187500
1.155562500
1.161937500
1.168375000
1.174812500
1.181250000
1.187625000
1.194062500
1.200437500
1.206812500
1.213187500
1.219562500
1.225875000
1.232250000
1.238687500
1.245375000
1.252375000
1.358625000
1.363562500
1.369312500
1.375250000
1.381125000
1.387062500
1.393062500
1.399062500
1.405125000
1.411125000
1.417250000
1.423312500
1.429312500
1.435625000
1.557750000
1.563125000
1.568687500
1.574250000
1.579875000
1.585500000
1.591125000
1.596750000
1.602500000
1.608250000
1.614000000
1.619812500
1.625562500
1.631312500
1.637125000
1.642875000
1.648687500
1.654562500
1.660375000
1.666250000
1.672125000
1.678062500
1.684000000
1.689875000
1.695812500
1.701687500
1.707687500
1.713562500
1.719437500
1.725375000
1.731250000
1.737250000
1.743125000
1.749000000
1.754937500
1.760937500
1.767000000
1.773187500
1.779500000
1.786125000
1.793125000
1.863125000
1.868875000
1.875062500
1.881312500
1.887562500
1.893812500
1.900187500
1.906437500
1.912812500
1.919000000
1.925250000
1.931562500
1.937875000
1.944187500
1.950500000
1.956875000
1.963125000
1.969312500
1.975562500
1.981812500
1.988062500
1.994500000
2.001000000
2.007812500
2.128875000
2.134562500
2.141187500
2.147562500
2.154125000
2.160687500
2.167375000
2.174062500
2.180750000
2.187562500
2.194312500
2.201125000
2.207937500
2.214687500
2.221500000
2.228625000
