0.232050
0.236613
0.241175
0.245800
0.250425
0.254988
0.259613
0.264175
0.268738
0.273300
0.277800
0.282363
0.286925
0.291550
0.296175
0.300800
0.305425
0.309988
0.314550
0.318988
0.323425
0.327800
0.332175
0.336487
0.340738
0.344988
0.349238
0.353488
0.357675
0.361988
0.366238
0.370550
0.374925
0.379300
0.383675
0.388113
0.392613
0.397050
0.401550
0.405988
0.410363
0.414800
0.419363
0.423800
0.428363
0.432988
0.437613
0.442238
0.446925
0.451613
0.456425
0.461238
0.466175
0.471113
0.476113
0.481113
0.486238
0.491488
0.496738
0.501988
0.506988
0.511487
0.515863
0.520175
0.524425
0.528737
0.533112
0.537425
0.541863
0.546362
0.551050
0.555987
0.561488
0.670175
0.674863
0.679613
0.684425
0.689238
0.694050
0.698925
0.703863
0.708863
0.713925
0.718988
0.724113
0.729237
0.734363
0.739425
0.744550
0.749675
0.754738
0.759738
0.764800
0.769863
0.774863
0.779925
0.784925
0.789988
0.794988
0.800050
0.805050
0.810113
0.815175
0.820238
0.825425
0.830550
0.835675
0.840800
0.845925
0.851113
0.856237
0.861425
0.866550
0.871675
0.876862
0.882050
0.887175
0.892425
0.897613
0.902800
0.907988
0.913238
0.918488
0.923737
0.928988
0.934238
0.939488
0.944800
0.950113
0.955550
0.960987
0.966363
0.971863
0.977300
0.982738
0.988237
0.993800
0.999300
1.004800
1.010300
1.015863
1.021363
1.026925
1.032488
1.037988
1.043550
1.049050
1.054550
1.060050
1.065550
1.071050
1.076550
1.082113
1.087613
1.093175
1.098737
1.104300
1.109863
1.115488
1.121113
1.126737
1.132425
1.138175
1.143925
1.149738
1.155612
1.161550
1.167425
1.173363
1.179363
1.185425
1.191425
1.197550
1.203675
1.209738
1.215863
1.221988
1.228175
1.234300
1.240425
1.246613
1.252738
1.258925
1.265175
1.271425
1.277738
1.284113
1.290612
1.297238
1.304050
1.311550
1.360362
1.366425
1.372550
1.378737
1.384925
1.391113
1.397300
1.403488
1.409612
1.415738
1.421800
1.427863
1.433925
1.439988
1.446050
1.452112
1.458238
1.464238
1.470238
1.476238
1.482175
1.488050
1.493988
1.499863
1.505738
1.511550
1.517362
1.523113
1.528863
1.534675
1.540425
1.546175
1.551862
1.557613
1.563363
1.569113
1.574863
1.580613
1.586300
1.592300
1.598863
1.604925
1.618488
1.627175
1.679613
1.687237
1.691738
1.698363
1.703863
1.709738
1.715488
1.721238
1.727050
1.732863
1.738738
1.744550
1.750425
1.756238
1.762113
1.767988
1.773863
1.779738
1.785613
1.791488
1.797363
1.803300
1.809175
1.814988
1.820863
1.826675
1.832488
1.838300
1.844113
1.849988
1.855863
1.861738
1.867675
1.873550
1.879488
1.885363
1.891238
1.897050
1.902925
1.908800
1.914675
1.920488
1.926363
1.932300
1.938175
1.944050
1.949925
1.955800
1.961613
1.967488
1.973363
1.979238
1.985113
1.991050
1.996987
2.002863
2.008800
2.014675
2.020612
2.026550
2.032425
2.038425
2.044363
2.050362
2.056300
2.062238
2.068175
2.074113
2.080050
2.085925
2.091863
2.097800
2.103737
2.109738
2.115675
2.121675
2.127675
2.133675
2.139675
2.145675
2.151675
2.157738
2.163800
2.169925
2.176050
2.182175
2.188238
2.194363
2.200550
2.206675
2.212863
2.218987
2.225238
2.231425
2.237613
2.243863
2.250113
2.256362
2.262612
2.268863
2.275175
2.281487
2.287863
2.294300
2.300675
2.307050
2.313487
2.319863
2.326238
2.332550
2.338800
2.345050
2.351300
2.357550
2.363800
2.370925
