0.225750000
0.229875000
0.234750000
0.239687500
0.244687500
0.249875000
0.254812500
0.260000000
0.265125000
0.270375000
0.275812500
0.281125000
0.286375000
0.291687500
0.296937500
0.302250000
0.307562500
0.312937500
0.318312500
0.323687500
0.329062500
0.334500000
0.339937500
0.345375000
0.350750000
0.356000000
0.361375000
0.366750000
0.372125000
0.377562500
0.383187500
0.388937500
0.567000000
0.571687500
0.576812500
0.581875000
0.587062500
0.592312500
0.597500000
0.602812500
0.608187500
0.613437500
0.618812500
0.624312500
0.629875000
0.635625000
0.641750000
0.741812500
0.746250000
0.751375000
0.756562500
0.761750000
0.766875000
0.772062500
0.777250000
0.782250000
0.787437500
0.792562500
0.797562500
0.802625000
0.807750000
0.813000000
0.818125000
0.823375000
0.828562500
0.833875000
0.839187500
0.844625000
0.850312500
0.856625000
0.915250000
0.920812500
0.926000000
0.931250000
0.936437500
0.941500000
0.946500000
0.951437500
0.956500000
0.961437500
0.966250000
0.971187500
0.976062500
0.980875000
0.985812500
0.990750000
0.995625000
1.000562500
1.005437500
1.010375000
1.015312500
1.020312500
1.025312500
1.030500000
1.035750000
1.040937500
1.046187500
1.051312500
1.056500000
1.061437500
1.066562500
1.071812500
1.076875000
1.082062500
1.087250000
1.092375000
1.097500000
1.102687500
1.107937500
1.113250000
1.118562500
1.123937500
1.129375000
1.134750000
1.140187500
1.145625000
1.151125000
1.156687500
1.162250000
1.167750000
1.173375000
1.178937500
1.184625000
1.190187500
1.195812500
1.201562500
1.207250000
1.212937500
1.218625000
1.224375000
1.230062500
1.235750000
1.241437500
1.247125000
1.252875000
1.258437500
1.264187500
1.269875000
1.275687500
1.281187500
1.286937500
1.292812500
1.298437500
1.304062500
1.309812500
1.315500000
1.552375000
1.557625000
1.563625000
1.568937500
1.574500000
1.579937500
1.585437500
1.591000000
1.596562500
1.602250000
1.607812500
1.613250000
1.619000000
1.624562500
1.630000000
1.635625000
1.641312500
1.647062500
1.652750000
1.658437500
1.664125000
1.669875000
1.675562500
1.681312500
1.687062500
1.692937500
1.698687500
1.704625000
1.710437500
1.716312500
1.722125000
1.728000000
1.733812500
1.739625000
1.745437500
1.751125000
1.756812500
1.762687500
1.768375000
1.774250000
1.780125000
1.785875000
1.791750000
1.797562500
1.803500000
1.809500000
1.815625000
1.821812500
1.828000000
1.834000000
1.840062500
1.846000000
1.851875000
1.857687500
1.863625000
1.869500000
1.875437500
1.881312500
1.887187500
1.893125000
1.899125000
1.905062500
1.910937500
1.917000000
1.923062500
1.929250000
1.935375000
1.941375000
1.947562500
1.953750000
1.959937500
1.966187500
1.972437500
1.978812500
1.985062500
1.991750000
1.998125000
2.005437500
2.010125000
