0.221312500	
0.225062500	
0.230125000	
0.234812500	
0.239687500	
0.244375000	
0.249062500	
0.253812500	
0.258312500	
0.263125000	
0.267812500	
0.272500000	
0.277125000	
0.281875000	
0.286687500	
0.291500000	
0.296250000	
0.301125000	
0.305812500	
0.310625000	
0.315375000	
0.320312500	
0.325250000	
0.330125000	
0.334937500	
0.339937500	
0.344875000	
0.349812500	
0.354750000	
0.359750000	
0.364625000	
0.369750000	
0.374687500	
0.379750000	
0.384625000	
0.389750000	
0.394625000	
0.399625000	
0.404437500	
0.409500000	
0.414500000	
0.419562500	
0.424625000	
0.429437500	
0.434625000	
0.439562500	
0.445062500	
0.450187500	
0.455875000	
0.461625000	
0.467250000	
0.473000000	
0.478562500	
0.484250000	
0.489625000	
0.494875000	
0.499875000	
0.505187500	
0.510312500	
0.515375000	
0.520562500	
0.526000000	
0.531375000	
0.537250000	
0.543187500	
0.690750000	
0.695437500	
0.700625000	
0.705750000	
0.710687500	
0.715812500	
0.721062500	
0.726375000	
0.731375000	
0.736500000	
0.741625000	
0.746750000	
0.752000000	
0.757125000	
0.762437500	
0.767750000	
0.773250000	
0.778875000	
0.877312500	
0.881312500	
0.886062500	
0.890812500	
0.895625000	
0.900375000	
0.905125000	
0.910062500	
0.914812500	
0.919625000	
0.924437500	
0.929312500	
0.934187500	
0.939000000	
0.943812500	
0.948812500	
0.953562500	
0.958500000	
0.963562500	
0.968687500	
0.974000000	
0.979437500	
0.984937500	
0.990562500	
0.996250000	
1.002062500	
1.008125000	
1.014000000	
1.034500000	
1.039375000	
1.044250000	
1.049312500	
1.054312500	
1.059125000	
1.064062500	
1.069187500	
1.074250000	
1.079312500	
1.084500000	
1.089750000	
1.095000000	
1.100437500	
1.105875000	
1.111437500	
1.117250000	
1.123250000	
1.129562500	
1.368687500	
1.373500000	
1.379000000	
1.384437500	
1.389875000	
1.395312500	
1.400750000	
1.406375000	
1.411937500	
1.417500000	
1.423062500	
1.428625000	
1.434375000	
1.440000000	
1.445687500	
1.451250000	
1.456875000	
1.462625000	
1.468375000	
1.474062500	
1.479687500	
1.485437500	
1.491187500	
1.496812500	
1.502625000	
1.508250000	
1.514125000	
1.519812500	
1.525687500	
1.531500000	
1.537250000	
1.543125000	
1.549062500	
1.555000000	
1.560937500	
1.566750000	
1.572625000	
1.578812500	
1.584625000	
1.590687500	
1.596687500	
1.602625000	
1.608562500	
1.614375000	
1.620312500	
1.626312500	
1.632125000	
1.638062500	
1.644062500	
1.650062500	
1.656062500	
1.662062500	
1.668062500	
1.674250000	
1.680250000	
1.686312500	
1.692562500	
1.699187500	
1.705937500	
