0.255000
0.260188
0.272813
0.279187
0.286563
0.293438
0.300438
0.307563
0.314875
0.322313
0.330375
0.339187
0.347625
0.355875
0.364188
0.369250
0.372437
0.380688
0.389062
0.397438
0.405813
0.414438
0.423000
0.431125
0.439250
0.447313
0.456062
0.464562
0.473438
0.483500
0.603375
0.608938
0.615062
0.621000
0.627250
0.633188
0.639125
0.645000
0.650937
0.656813
0.662687
0.668625
0.674562
0.680438
0.686312
0.692187
0.698063
0.704000
0.709875
0.715812
0.721875
0.727875
0.733938
0.740000
0.746062
0.752188
0.758375
0.764625
0.770938
0.777438
0.784063
0.790813
0.797625
0.804500
0.811063
0.817688
0.824250
0.830812
0.837375
0.843938
0.850500
0.857062
0.863563
0.870125
0.876687
0.883250
0.889813
0.896438
0.903250
0.910000
0.916687
0.923438
0.930250
0.937375
0.944688
1.043375
1.050437
1.057813
1.065625
1.073188
1.080813
1.088500
1.096313
1.104375
1.113063
1.272438
1.278563
1.285063
1.291562
1.298250
1.305125
1.312313
1.319813
1.327687
1.335938
1.344813
1.354062
1.363438
1.372937
1.382750
1.392500
1.402688
1.412125
1.422750
1.469688
1.487500
1.492438
1.512875
1.527000
1.539313
1.550625
1.561125
1.571000
1.580625
1.589625
1.598625
1.607438
1.616313
1.625375
1.634438
1.643563
1.652750
1.661875
1.671062
1.680187
1.689188
1.697938
1.706625
1.715188
1.724188
1.732563
1.817375
1.831188
1.838688
1.848563
1.856813
1.865813
1.874875
1.884000
1.893188
1.902187
1.911500
1.920500
1.929313
1.937875
1.946312
1.954563
1.962750
1.970813
1.978813
1.986813
1.994687
2.002625
2.010625
2.018625
2.026750
2.035000
2.043250
2.051625
2.060062
2.068625
2.077125
2.085750
2.094438
2.103250
2.112188
2.121062
2.129938
2.138875
2.147750
2.156687
2.165625
2.174500
2.183375
2.192312
2.201437
2.210062
2.218875
2.227875
2.236937
2.246188
2.255313
2.264688
2.273938
2.283187
2.292250
2.301750
2.311500
2.321563
2.331000
2.340063
2.349125
2.358063
2.367062
2.375938
2.384750
2.393625
2.402438
2.411188
2.419938
2.428750
2.437750
2.446563
2.455250
2.464062
2.472938
2.481562
2.490188
2.498813
2.508000
2.572375
2.577062
2.585250
2.596188
2.606688
2.617750
2.629062
2.640438
2.652312
2.665062
2.678812
2.693375
2.709312
2.725125
2.743250
2.760625
2.789750
