0.250750000
0.259000000
0.265437500
0.271687500
0.277937500
0.284312500
0.290750000
0.297312500
0.303750000
0.310375000
0.317000000
0.323750000
0.330500000
0.337625000
0.344375000
0.351687500
0.358625000
0.365687500
0.372750000
0.379375000
0.386187500
0.392750000
0.399562500
0.406375000
0.413062500
0.419750000
0.426375000
0.433125000
0.439875000
0.446750000
0.453687500
0.461062500
0.468500000
0.476562500
0.484750000
0.492750000
0.498625000	
0.605625000
0.611562500
0.617750000
0.624312500
0.631437500
0.638437500
0.645437500
0.653250000
0.661062500
0.792187500
0.796500000
0.802812500
0.809187500
0.815500000
0.821875000
0.828437500
0.834937500
0.841500000
0.848125000
0.854812500
0.861500000
0.868000000
0.874687500
0.881125000
0.887687500
0.894125000
0.900625000
0.907000000
0.913437500
0.919812500
0.926062500
0.932312500
0.938562500
0.944687500
0.950875000
0.957312500
0.963437500
0.969875000
0.976187500
0.982625000
0.989000000
0.995625000
1.002000000
1.008562500
1.014937500
1.021562500
1.028187500
1.034875000
1.041625000
1.048250000
1.055562500
1.062875000
1.070500000
1.078000000
1.085750000
1.093625000
1.101937500
1.181500000
1.188125000
1.195250000
1.202250000
1.209500000
1.216812500
1.223937500
1.231000000
1.238250000
1.245875000
1.253750000
1.261437500
1.269250000
1.277000000
1.284187500
1.291937500
1.298250000
1.305437500
1.312000000
1.318875000
1.325937500
1.332687500
1.339625000
1.346625000
1.353750000
1.360625000
1.367500000
1.374437500
1.381312500
1.388375000
1.395375000
1.402562500
1.409562500
1.416937500
1.424000000
1.431375000
1.438625000
1.445937500
1.453500000
1.460937500
1.468375000
1.475687500
1.483875000
1.493125000
1.602125000
1.609312500
1.618062500
1.627750000
1.637250000
1.646875000
1.656375000
1.666250000
1.675562500
1.679875000
1.685625000
1.694687500
1.704312500
1.713812500
1.723062500
1.732562500
1.792250000
1.807125000
1.836625000
1.843187500
1.850062500
1.857312500
1.864750000
1.872437500
1.880187500
1.888375000
1.896500000
1.904750000
1.913000000
1.920937500
1.929000000
1.936812500
1.944812500
1.952812500
1.961000000
1.969250000
1.977750000
1.986375000
1.995250000
2.004062500
2.012687500
2.021187500
2.030250000
2.039500000
2.049000000
2.058000000
2.065312500
2.072250000
2.079812500
2.087812500
2.095937500
2.104125000
2.112500000
2.120750000
2.129437500
2.138000000
2.146312500
2.154812500
2.163187500
2.171625000
2.179875000
2.188562500
2.197625000
2.325312500
2.331500000
2.338437500
2.345000000
2.351687500
2.358250000
2.365000000
2.371687500
2.378562500
2.385687500
2.392687500
2.399750000
2.406875000
2.414250000
2.421750000
2.429250000
2.436750000
2.444812500
2.452687500
2.460687500
2.468625000
2.477000000
2.485437500
2.494187500
2.503250000
2.512750000
2.522125000
2.532062500
2.542062500
2.552125000
2.562500000
2.573000000
2.583750000
2.594750000
2.605562500
2.617250000
2.635125000
2.641687500
2.672000000
2.691687500
