0.113855790675884
0.151457500938845
0.172801259075176
0.256581264673520
0.261353840345350
0.268416060507095
0.275612281725805
0.282919084000828
0.290222325417587
0.297676836764632
0.305097299071830
0.312749420724077
0.320407603922889
0.328126429285944
0.335930451829199
0.343899594330114
0.351784225159434
0.359485746732583
0.367481235994645
0.375269919119228
0.383081931156321
0.390889772037721
0.398841029333290
0.406734308727757
0.414615713772065
0.422476748411309
0.430332989506522
0.438242457465745
0.446095000549234
0.453757781586554
0.461509570936454
0.469304109181544
0.476849013346554
0.484576442928436
0.492161519537400
0.499674440782976
0.507116154357920
0.514289731985140
0.521484058504944
0.528550316826607
0.535796190513933
0.543036538917323
0.551809084475289
0.556683828423957
0.578915138100633
0.593757945915314
0.614148589240381
0.618023655763008
0.636164015718123
0.646197445809149
0.650796763400908
0.663221177122522
0.669295641696597
0.678088297180823
0.696473984580199
0.701174520891033
0.707269796216808
0.713466918556407
0.720123139217630
0.727309486913185
0.734677747125910
0.741974271003483
0.749270299880882
0.756596229149514
0.763966549290901
0.771077603904260
0.778240025569274
0.785522115308699
0.792573143795375
0.799819394788938
0.807032049530269
0.814210027435429
0.821418609032572
0.828662258856357
0.836084883236843
0.843654007394011
0.851373295150920
0.859080187174526
0.867044009864246
0.875039658851161
0.883160741490212
0.891239269539040
0.899525964596182
0.907899057918796
0.916338998835002
0.924845478355605
0.933551005170619
0.942016857465142
0.950762888094529
0.959376078226649
0.968173666559889
0.977133441806965
0.986023920557705
0.995012197219081
1.00392721767678
1.01299989552493
1.02176391228180
1.03068948670610
1.03986400995886
1.14633246398613
1.15309209532296
1.16090273047890
1.16814143141286
1.17665038114176
1.18488182950229
1.19357306775617
1.20333096436299
1.35191427194160
1.35669580259283
1.36438865309480
1.37161671675654
1.37917130343728
1.38643680804297
1.39393081108841
1.40154204962894
1.40919684957674
1.41717853935542
1.42559619418293
1.43425871070243
1.44306433738754
1.45225898192685
1.46193360341233
1.47185082808578
1.48182745785626
1.49196614069776
1.50251902886508
1.51477011898320
1.71726454173169
1.82406202332299
1.82961860179685
1.83637705731618
1.84330251770755
1.85167709348419
1.86034008600216
1.86889849792079
1.87828838325049
1.88633390116582
1.89534569701788
1.90440018556511
1.91317946951782
1.92149796041663
1.92988162662882
1.93814228066439
1.94648596739211
1.95502517679730
1.96364283978885
1.97253596336694
1.98122521354448
1.98946392854131
1.99757940036893
2.00570021451883
2.01407094113354
2.02258330772825
2.03088700408585
2.03905993763497
2.04741659420967
2.05583380489689
2.06399841337574
2.07242058575858
2.08041585811468
2.08828359177562
2.09596670791183
2.10406380827121
2.11226025804703
2.12036458442194
2.12856375972308
2.25885426766366
2.27135243166924
2.27954931909986
2.28770291188739
2.29656311897621
2.30536612033755
2.31464021223666
2.32428088820215
2.33377232451628
2.34365247950790
2.35254528210065
2.48678621374980
2.49443182209025
2.50412517165879
2.51312673878708
2.52225389323311
2.53130841274363
2.54040658636259
2.54980836031871
2.55861995436370
2.69351855867752
2.69957619349100
2.70676718001015
2.71405542416113
2.72128579467039
2.72848915210311
2.73571457849324
2.74280543838761
2.75024683420096
2.75763330277243
2.76528836896031
2.77267731641424
2.78039200358019
2.78804561651614
2.79573810167598
2.80388043013104
2.81210409549222
2.82003203201168
2.82828520858430
2.83677335919222
2.84535495569196
2.85390137660922
2.86249107301730
2.87117665906219
2.87970762286527
2.88818283020506
2.89665286619407
2.90495821066520
2.91319396928820
2.92161492176453
2.93009430636002
2.93850457350515
2.94729119768504
2.95585089078526
2.96466474650888
2.97351262771494
2.98252516118050
2.99150555772993
3.00081501260198
3.01016017541343
3.01970747969333
3.02932101166491
3.03923570943744
3.04907650268821
3.05917724912156
3.06922465558859
3.07987234335991
3.09032056172981
3.10139766836173
3.11173132589665
3.12300152662008
3.13340878846663
3.14491766612128
3.15617592205447
3.16855858143331