0.222625000
0.228375000
0.235812500
0.243625000
0.251437500
0.259562500
0.267437500
0.275125000
0.282812500
0.291937500
0.298812500
0.313625000
0.317250000
0.333750000
0.343125000
0.347250000
0.357312500
0.361750000
0.370312500
0.376187500
0.383437500
0.390250000
0.397000000
0.403812500
0.410812500
0.417875000
0.425187500
0.432812500
0.440687500
0.449437500
0.494937500
0.501375000
0.509125000
0.517312500
0.525500000
0.533750000
0.542375000
0.550500000
0.558687500
0.566562500
0.574375000
0.582187500
0.589812500
0.597250000
0.604625000
0.611875000
0.619000000
0.626187500
0.633312500
0.640312500
0.647312500
0.654312500
0.661250000
0.668125000
0.675000000
0.681750000
0.688562500
0.695437500
0.702312500
0.709375000
0.716500000
0.723750000
0.731187500
0.738750000
0.746500000
0.754500000
0.762687500
0.771187500
0.780000000
0.789125000
0.798250000
0.807062500
0.816312500
0.827812500
0.893437500
0.900000000
0.909875000
0.920937500
0.932250000
0.945187500
0.953937500
0.967375000
0.979562500
0.991812500
1.004562500
1.021500000
1.052375000
1.098187500
1.113562500
1.118187500
1.130125000
1.139500000
1.148500000
1.157125000
1.165750000
1.173687500
1.182437500
1.191062500
1.199500000
1.208687500
1.219625000
1.227000000
1.234937500
1.243812500
1.252812500
1.261812500
1.270875000
1.280187500
1.289250000
1.298375000
1.307312500
1.316187500
1.325125000
1.334625000
1.344437500
1.353500000
1.363500000
1.372437500
1.383812500
1.391312500
1.400937500
1.409312500
1.417500000
1.425562500
1.433437500
1.441312500
1.449000000
1.456687500
1.464312500
1.472000000
1.479812500
1.487687500
1.495687500
1.503562500
1.511437500
1.519437500
1.527562500
1.535812500
1.544125000
1.552437500
1.560875000
1.569312500
1.577937500
1.586812500
1.595812500
1.604812500
1.613937500
1.623125000
1.632187500
1.641375000
1.650625000
1.660125000
1.669687500
1.679500000
1.689312500
1.699375000
1.709437500
1.719625000
1.729687500
1.739750000
1.749812500
1.759812500
1.769875000
1.780125000
1.790187500
1.800187500
1.809937500
1.819437500
1.829000000
1.838312500
1.847562500
1.856750000
1.865937500
1.875125000
1.884062500
1.893250000
1.902375000
1.911625000
1.921000000
1.930562500
1.940500000
1.950875000
1.961562500
1.972500000
1.983812500
1.995875000
2.008187500
2.021125000
2.035375000
2.050812500
2.070187500
