0.323187500
0.328375000
0.336375000
0.342500000
0.349312500
0.356000000
0.362687500
0.369312500
0.375812500
0.382437500
0.388937500
0.395437500
0.402062500
0.408625000
0.415375000
0.421937500
0.428687500
0.435187500
0.441875000
0.448625000
0.455500000
0.462312500
0.469062500
0.476687500
0.551500000
0.557437500
0.563625000
0.569750000
0.575812500
0.581875000
0.587750000
0.593875000
0.600125000
0.606562500
0.612937500
0.619312500
0.625625000
0.632062500
0.638500000
0.645000000
0.651562500
0.657937500
0.664500000
0.671062500
0.677562500
0.684062500
0.690375000
0.696875000
0.703500000
0.710000000
0.716562500
0.723187500
0.729875000
0.736500000
0.743187500
0.750000000
0.756812500
0.763625000
0.770687500
0.778125000
0.884250000
0.889937500
0.896187500
0.902250000
0.908437500
0.914750000
0.921312500
0.927687500
0.934000000
0.940437500
0.946937500
0.953562500
0.960250000
0.966937500
0.973937500
0.981187500
0.988937500
0.997062500
1.006187500
1.012812500
1.053687500
1.058750000
1.065187500
1.072187500
1.078812500
1.085437500
1.092000000
1.098500000
1.104937500
1.111312500
1.117625000
1.123937500
1.130250000
1.136625000
1.143000000
1.149375000
1.155750000
1.162312500
1.169000000
1.175687500
1.182500000
1.189312500
1.196250000
1.203312500
1.210562500
1.217875000
1.225250000
1.232875000
1.240562500
1.248500000
1.256250000
1.264562500
1.272687500
1.280937500
1.289187500
1.297625000
1.306000000
1.314312500
1.322500000
1.330750000
1.339000000
1.347250000
1.356000000
1.364937500
1.373875000
1.382750000
1.392437500
1.470000000
1.477750000
1.484312500
1.493187500
1.499812500
1.508500000
1.515812500
1.524062500
1.531937500
1.539812500
1.547812500
1.555687500
1.563562500
1.571562500
1.579500000
1.587500000
1.595562500
1.603812500
1.612625000
1.729625000
1.737812500
1.745437500
1.753187500
1.761125000
1.769125000
1.777375000
1.785812500
1.794375000
1.803187500
1.812125000
1.821250000
1.830500000
1.839562500
1.849000000
1.858187500
1.867187500
1.876312500
1.885562500
1.894625000
1.905875000
1.912625000
1.938062500
1.944000000
1.948250000
1.953625000
1.961125000
1.970312500
1.979000000
1.987562500
1.996250000
2.004812500
2.013375000
2.022062500
2.031250000
2.143562500
2.158875000
2.176000000
2.185062500
2.190750000
2.198687500
2.207000000
2.215000000
2.223187500
2.231312500
2.239375000
2.247437500
2.255625000
2.263687500
2.271750000
2.279750000
2.287937500
2.296187500
2.305000000
2.314000000
2.323125000
2.333250000
2.342250000
2.349937500
2.357875000
2.366062500
2.374875000
2.383625000
2.392625000
2.402000000
2.411937500
2.421812500
2.431750000
2.441687500
2.452000000
2.462187500
2.472562500
2.483312500
2.493312500
2.504125000
2.513125000
2.525312500
2.533750000
2.545625000
2.554750000
2.566437500
2.575500000
