0.050625000
0.228187500
0.232562500
0.240250000
0.247625000
0.254937500
0.262375000
0.269937500
0.277625000
0.285437500
0.293437500
0.301437500
0.309562500
0.317875000
0.326062500
0.334125000
0.342375000
0.350875000
0.359187500
0.367125000
0.375562500
0.383875000
0.392687500
0.401750000
0.412000000
0.418062500
0.425687500
0.434000000
0.442062500
0.450437500
0.458687500
0.466687500
0.474875000
0.482937500
0.490750000
0.498875000
0.506875000
0.514812500
0.522375000
0.530312500
0.537812500
0.545125000
0.553125000
0.672562500
0.678562500
0.685187500
0.691937500
0.698812500
0.705750000
0.712500000
0.719812500
0.727062500
0.734625000
0.742000000
0.749312500
0.756750000
0.763875000
0.770875000
0.777625000
0.784500000
0.791500000
0.798250000
0.805250000
0.812375000
0.819312500
0.826437500
0.833687500
0.841687500
0.849812500
0.857562500
0.863437500	
0.927500000
0.932812500
0.939687500
0.946750000
0.954000000
0.961187500
0.968500000
0.975875000
0.983437500
0.990812500
0.998437500
1.005937500
1.013562500
1.021437500
1.029187500
1.037250000
1.045500000
1.053687500
1.062187500
1.070812500
1.079562500
1.088312500
1.097250000
1.106375000
1.115625000
1.124687500
1.133875000
1.142750000
1.151375000
1.160187500
1.169375000
1.279187500
1.287000000
1.293937500
1.302187500
1.310187500
1.318062500
1.326187500
1.334437500
1.343125000
1.497250000
1.501000000
1.508187500
1.515187500
1.522187500
1.529250000
1.536500000
1.543875000
1.551375000
1.558812500
1.566312500
1.574000000
1.581625000
1.589500000
1.597500000
1.605500000
1.613750000
1.622437500
1.630562500
1.639000000
1.647625000
1.651125000
1.656000000
1.664375000
1.672812500
1.681062500
1.689375000
1.698312500
1.708625000
1.735812500
1.767437500
1.775125000
1.780312500
1.789250000
1.796687500
1.806312500
1.812875000
1.823000000
1.830437500
1.839937500
1.847812500
1.856437500
1.864687500
1.873187500
1.881062500
1.889687500
1.898062500
1.906625000
1.915812500
1.925000000
1.934500000
1.944875000
1.950875000
1.959500000
1.968625000
1.977500000
1.986500000
1.995375000
2.004500000
2.013625000
2.022812500
2.031875000
2.041062500
2.050062500
2.059312500
2.068500000
2.077250000
2.086125000
2.094875000
2.103437500
2.112125000
2.231062500
2.237750000
2.246187500
2.254312500
2.262812500
2.271125000
2.279437500
2.287875000
2.296312500
2.305562500
2.390062500
2.397500000
2.406375000
2.415000000
2.424250000
2.432812500
2.442187500
2.450875000
2.460312500
2.469125000
2.478562500
2.487500000
2.496625000
2.505937500
2.515312500
2.525187500
2.534750000
2.544875000
2.554750000
2.565250000
2.575750000
2.586687500
2.597562500
2.608937500
2.620812500
2.632437500
2.644500000
2.656687500
2.669125000
2.681812500
