0.090250
0.233437
0.237688
0.245750
0.253000
0.260250
0.267500
0.274750
0.281938
0.289187
0.296375
0.303563
0.310750
0.318063
0.325625
0.333562
0.342187
0.369000
0.375937
0.382750
0.389688
0.396688
0.403813
0.411000
0.418125
0.425438
0.432625
0.439875
0.447125
0.454375
0.461750
0.469125
0.476500
0.483687
0.489563
0.506813
0.514437
0.523937
0.532687
0.687250
0.692000
0.698812
0.704812
0.711063
0.717375
0.723625
0.729812
0.736125
0.742375
0.748625
0.754875
0.761188
0.767500
0.773937
0.780375
0.786813
0.793312
0.799937
0.806625
0.813438
0.820438
0.827625
0.835000
0.842625
0.850563
0.858437
0.866563
0.874750
0.883188
0.892625
0.899312
0.907125
0.915438
0.923125
0.930625
0.938312
0.946063
0.953875
0.961812
0.969812
0.977875
0.985875
0.993687
1.001375
1.008812
1.016313
1.023813
1.031000
1.038125
1.045438
1.052938
1.060375
1.068688
1.076125
1.188875
1.195563
1.201750
1.208625
1.215750
1.223563
1.231875
1.239063
1.246063
1.286812
1.293562
1.301187
1.308750
1.316313
1.324062
1.331750
1.339500
1.347188
1.354937
1.362625
1.370313
1.378000
1.385688
1.393688
1.402313
1.410063
1.417750
1.471937
1.480375
1.488250
1.496625
1.504688
1.512625
1.520812
1.529000
1.537313
1.545750
1.554250
1.562938
1.571625
1.580500
1.589750
1.599813
1.607250
1.716250
1.724000
1.731562
1.739188
1.747063
1.755250
1.763625
1.772500
1.781375
1.790688
1.799938
1.809313
1.818688
1.828563
1.838688
1.849063
1.859875
1.870813
1.890313
2.085875
2.166625
2.170938
2.179750
2.188625
2.197188
2.205437
2.213875
2.222375
2.231000
2.239688
2.248500
2.257438
2.266875
2.277375
2.284500
2.296438
2.301312
2.306687
2.314625
2.323688
2.332500
2.341063
2.349438
2.358063
2.468062
2.475188
2.483687
2.492750
2.501875
2.510250
2.518625
2.527063
2.535563
2.544062
2.552750
2.561563
2.570562
2.579375
2.588437
2.597500
2.606562
2.615625
2.624813
2.633313
2.644375
2.764313
2.770563
2.778188
2.785687
2.793250
2.800937
2.809063
2.817188
2.825563
2.834687
2.844313
2.855375
2.977000
2.981250
2.993000
2.999500
3.007000
3.017187
3.027312
3.035500
3.045688
3.055625
3.065625
3.075625
3.094313
3.114125
3.122562
3.136625
3.150313
3.163750
3.177500
3.192125
3.208438
3.227063
