0.086875000
0.119312500
0.157250000
0.218937500
0.242375000
0.247437500
0.255125000
0.265000000
0.269187500
0.274187500
0.280187500
0.285687500
0.289562500
0.294750000
0.302000000
0.311375000
0.316625000
0.323500000
0.331187500
0.338437500
0.345625000
0.352750000
0.359625000
0.366562500
0.373500000
0.380375000
0.387187500
0.394000000
0.400812500
0.407750000
0.414562500
0.421437500
0.428250000
0.435312500
0.442312500
0.449312500
0.456437500
0.463562500
0.470687500
0.478062500
0.485250000
0.492625000
0.500125000
0.507687500
0.515562500
0.523375000
0.531437500
0.539562500
0.547687500
0.555937500
0.564250000
0.572312500
0.580500000
0.588625000
0.596875000
0.605125000
0.613375000
0.621687500
0.630062500
0.638375000
0.646562500
0.654812500
0.663125000
0.671562500
0.679937500
0.688187500
0.696625000
0.705062500
0.713375000
0.721750000
0.730312500
0.738812500
0.747125000
0.755812500
0.764000000
0.772562500
0.781062500
0.789625000
0.798187500
0.806750000
0.815500000
0.824562500
0.833062500
0.845062500
0.849812500
0.857312500
0.873875000
0.878625000
0.889875000
0.898500000
0.910250000
0.917937500
0.927312500
0.935625000
0.944312500
0.952812500
0.961125000
0.969187500
0.977312500
0.985375000
0.993437500
1.001062500
1.008937500
1.016750000
1.024562500
1.032312500
1.040625000
1.049500000
1.059375000
1.095500000
1.101500000
1.111562500
1.116625000
1.124437500
1.133000000
1.141312500
1.149687500
1.158187500
1.166437500
1.174875000
1.183062500
1.191562500
1.199875000
1.208312500
1.216750000
1.225687500
1.234375000
1.243000000
1.251562500
1.260437500
1.269125000
1.277937500
1.286625000
1.295375000
1.304000000
1.312687500
1.321375000
1.329937500
1.338937500
1.346187500
1.363437500
1.367812500
1.474562500
1.482250000
1.491125000
1.503437500
1.510312500
1.531312500
1.536187500
1.544750000
1.588937500
1.593312500
1.600750000
1.609000000
1.617750000
1.624937500
1.633750000
1.641187500
1.650000000
1.657625000
1.666062500
1.674187500
1.682250000
1.690500000
1.698687500
1.706687500
1.714875000
1.723187500
1.731562500
1.739750000
1.748250000
1.758000000
1.795500000
1.809562500
1.815937500
1.822562500
1.827500000
1.832062500
1.840375000
1.849250000
1.858062500
1.867437500
1.877812500
2.051875000
2.061000000
2.069687500
2.081687500
2.089812500
2.102500000
2.112000000
2.125000000
2.137375000
2.150000000
2.162875000
2.176125000
2.188312500
2.197625000
2.211500000
2.216875000
2.230812500
2.236437500
2.304625000
