0.228375000
0.234062500
0.240750000
0.248312500
0.255625000
0.262937500
0.270437500
0.278187500
0.285375000
0.293187500
0.300625000
0.308187500
0.315687500
0.323125000
0.330437500
0.337750000
0.345187500
0.352000000
0.359375000
0.366812500
0.374250000
0.381687500
0.388937500
0.396187500
0.403437500
0.410625000
0.418125000
0.425312500
0.432625000
0.440125000
0.447437500
0.454500000
0.461937500
0.469125000
0.476250000
0.483500000
0.490562500
0.497875000
0.505062500
0.512625000
0.519750000
0.527000000
0.534375000
0.541625000
0.548750000
0.555750000
0.562812500
0.570062500
0.576937500
0.583625000
0.590750000
0.597500000
0.604500000
0.611000000
0.618000000
0.624625000
0.631437500
0.638062500
0.644562500
0.651250000
0.657875000
0.664812500
0.671312500
0.677625000
0.684250000
0.690500000
0.696875000
0.703500000
0.710000000
0.716375000
0.722875000
0.729500000
0.736062500
0.742437500
0.749125000
0.755562500
0.761875000
0.768500000
0.775062500
0.781437500
0.788187500
0.794812500
0.801250000
0.807937500
0.814437500
0.821062500
0.827562500
0.834312500
0.841187500
0.847875000
0.854812500
0.861500000
0.868500000
0.875625000
0.882625000
0.889687500
0.896750000
0.904125000
0.911375000
0.918937500
0.926562500
0.934250000
0.942312500
0.950687500
0.960187500
1.038250000
1.044062500
1.051812500
1.059375000
1.066875000
1.074437500
1.082125000
1.089625000
1.097125000
1.104500000
1.112062500
1.119437500
1.126812500
1.134437500
1.142187500
1.150875000
1.157750000
1.165125000
1.210125000
1.217062500
1.224437500
1.231750000
1.239125000
1.246312500
1.253875000
1.261375000
1.269000000
1.276562500
1.284000000
1.291562500
1.298937500
1.306500000
1.314125000
1.321437500
1.329062500
1.336562500
1.343937500
1.351500000
1.358562500
1.365750000
1.373250000
1.380437500
1.387375000
1.394812500
1.402187500
1.409250000
1.416562500
1.423875000
1.431375000
1.439000000
1.446375000
1.454125000
1.462062500
1.469937500
1.478125000
1.486500000
1.494625000
1.503437500
1.512062500
1.520500000
1.529562500
1.538125000
1.547625000
1.557437500
1.565875000
1.574125000
1.582750000
1.591812500
1.601250000
1.610187500
1.619437500
1.628937500
1.638250000
1.648062500
1.657312500
1.667000000
1.676812500
1.686312500
1.696437500
1.706375000
1.716375000
1.726812500
1.737375000
1.748000000
1.758375000
1.769000000
1.779250000
1.789437500
1.799437500
1.809750000
1.819875000
1.830312500
1.840625000
1.851187500
1.861687500
1.872437500
1.882437500
1.892687500
1.901875000
1.911062500
2.016500000
2.023250000
2.034500000
2.043750000
2.053875000
2.062062500
2.072875000
2.083250000
2.093937500
2.104187500
2.115375000
2.126750000
2.138625000
2.150500000
2.162375000
2.175250000
2.185562500
2.197125000
2.205812500
2.223312500
