0.065112
0.219300
0.225238
0.232613
0.240675
0.248300
0.256113
0.263800
0.271613
0.279300
0.287050
0.294988
0.302738
0.310613
0.318363
0.326175
0.334113
0.342113
0.350238
0.358675
0.366988
0.374738
0.382550
0.390425
0.398238
0.406113
0.413925
0.421738
0.429363
0.436925
0.444488
0.452050
0.459675
0.467300
0.474925
0.482550
0.490050
0.497425
0.504550
0.511425
0.518300
0.524925
0.531300
0.537675
0.544050
0.550613
0.557050
0.563488
0.569800
0.576300
0.583800
0.590863
0.694987
0.699675
0.706175
0.712675
0.719300
0.726050
0.732862
0.739988
0.747050
0.754175
0.761363
0.768613
0.775988
0.783425
0.790925
0.798550
0.806175
0.813925
0.821675
0.829488
0.837363
0.845300
0.853300
0.861300
0.869425
0.877550
0.885738
0.893988
0.902238
0.910613
0.918988
0.927362
0.935800
0.944238
0.952612
0.960863
0.969113
0.977237
0.985363
0.993363
1.001488
1.009488
1.017362
1.025488
1.033550
1.041738
1.050675
1.179363
1.183800
1.190862
1.197488
1.204238
1.210988
1.217925
1.224988
1.232175
1.239550
1.247113
1.254800
1.262738
1.270800
1.279175
1.287738
1.296425
1.305238
1.314050
1.322988
1.331988
1.341112
1.350425
1.359800
1.369238
1.378675
1.390113
1.403050
1.417925
1.432300
1.445550
1.457050
1.466863
1.475613
1.483925
1.492300
1.500238
1.508238
1.516175
1.524175
1.532175
1.540300
1.548363
1.556488
1.564613
1.572738
1.580925
1.589050
1.597112
1.605175
1.613175
1.621363
1.629488
1.637738
1.645987
1.654113
1.662175
1.670425
1.678613
1.686738
1.694925
1.703113
1.711175
1.719363
1.727613
1.735925
1.744113
1.752425
1.760550
1.768800
1.776925
1.785238
1.793738
1.802050
1.810363
1.818613
1.827175
1.835550
1.843863
1.852050
1.860425
1.879488
1.884550
1.893612
1.901237
1.909863
1.917988
1.926113
1.934300
1.942487
1.950862
1.959425
1.967988
1.976738
1.985550
1.994488
2.003613
2.012800
2.022113
2.031613
2.041425
2.051487
2.061863
2.072550
2.083613
2.095112
2.107300
2.119863
2.133237
2.146800
2.160862
2.184300
2.190425
