0.028050
0.221050
0.226612
0.235237
0.243488
0.251550
0.259550
0.267675
0.275863
0.283925
0.291925
0.299800
0.307738
0.315613
0.323363
0.330863
0.338425
0.345863
0.353363
0.361113
0.369488
0.377863
0.385113
0.425238
0.431175
0.438425
0.446113
0.453800
0.461425
0.468925
0.476488
0.483863
0.491238
0.498488
0.505800
0.513175
0.520425
0.527613
0.534675
0.541613
0.548613
0.555613
0.562550
0.569488
0.576363
0.583238
0.590113
0.596988
0.603800
0.610613
0.617363
0.624113
0.630800
0.637487
0.644175
0.650800
0.657488
0.664112
0.670675
0.677300
0.683863
0.690488
0.697050
0.703612
0.710363
0.717550
0.725237
0.769300
0.775112
0.781613
0.788675
0.795988
0.803362
0.810800
0.818362
0.825925
0.833612
0.841363
0.849113
0.856738
0.864675
0.873175
0.882487
0.978988
0.985113
0.991550
0.997738
1.003863
1.009988
1.016300
1.022925
1.029675
1.036550
1.043425
1.050237
1.057175
1.063988
1.070925
1.077738
1.084738
1.091738
1.098675
1.105675
1.112613
1.119613
1.126550
1.133550
1.140550
1.147550
1.154488
1.161488
1.168425
1.175488
1.182550
1.189613
1.196800
1.204050
1.211300
1.218675
1.226112
1.233675
1.241362
1.249238
1.257300
1.265550
1.273988
1.282612
1.291363
1.300237
1.309175
1.318238
1.327300
1.336488
1.345738
1.355112
1.364362
1.373738
1.383113
1.392300
1.401925
1.411675
1.421488
1.431175
1.440738
1.450238
1.459613
1.468863
1.478112
1.487613
1.496113
1.623050
1.629425
1.637987
1.646738
1.654988
1.663113
1.671363
1.679488
1.687800
1.696175
1.704425
1.712738
1.721050
1.729362
1.737737
1.746113
1.754363
1.762550
1.771113
1.779550
1.787925
1.796363
1.804800
1.813363
1.821988
1.830800
1.839800
1.848800
1.857925
1.867238
1.876737
1.886488
1.896738
1.907175
1.918550
1.931050
1.945738
1.966425
1.991550
2.016425
2.030925
