0.268375000
0.272625000
0.281375000
0.287625000
0.296125000
0.302437500
0.309375000
0.316812500
0.324500000
0.332250000
0.340187500
0.347937500
0.355937500
0.363687500
0.371437500
0.378937500
0.386562500
0.393750000
0.401312500
0.408750000
0.416187500
0.423937500
0.431312500
0.438937500
0.446437500
0.454000000
0.461625000
0.469375000
0.477187500
0.485562500
0.495375000
0.556937500
0.563562500
0.571125000
0.578687500
0.586062500
0.593687500
0.601375000
0.609062500
0.616750000
0.624687500
0.632750000
0.640687500
0.648812500
0.656687500
0.664875000
0.672625000
0.680187500
0.687375000
0.694437500
0.701562500
0.708562500
0.715562500
0.722812500
0.730000000
0.737250000
0.744437500
0.751750000
0.759125000
0.766625000
0.773812500
0.780875000
0.787875000
0.794875000
0.801812500
0.809062500
0.816187500
0.823562500
0.830812500
0.838187500
0.845562500
0.853250000
0.861187500
0.869312500
0.877375000
0.886062500
0.890500000
1.001187500
1.006812500
1.013000000
1.019625000
1.026062500
1.032500000
1.039000000
1.045562500
1.052125000
1.058812500
1.065562500
1.072375000
1.079250000
1.086125000
1.093187500
1.100312500
1.107500000
1.114812500
1.122125000
1.129437500
1.136812500
1.144500000
1.152437500
1.160812500
1.169562500
1.178562500
1.186687500
1.194687500
1.202812500
1.211000000
1.219250000
1.227500000
1.235812500
1.244000000
1.252375000
1.260937500
1.269562500
1.278750000
1.290000000
1.343562500
1.350187500
1.359437500
1.368750000
1.378125000
1.387937500
1.397375000
1.406812500
1.415937500
1.424812500
1.433437500
1.442437500
1.450750000
1.458625000
1.466312500
1.474062500
1.481687500
1.489437500
1.497250000
1.505000000
1.512937500
1.521250000
1.529562500
1.538187500
1.680875000
1.687562500
1.695312500
1.703125000
1.710875000
1.719125000
1.727437500
1.736187500
1.745687500
1.819875000
1.826625000
1.833687500
1.840562500
1.847750000
1.854812500
1.862250000
1.869625000
1.877437500
1.885375000
1.893250000
1.901062500
1.908937500
1.916875000
1.924625000
1.932562500
1.940500000
1.948437500
1.956500000
1.964562500
1.972625000
1.980750000
1.988937500
1.997187500
2.005562500
2.014000000
2.022562500
2.031375000
2.040250000
2.049437500
2.058687500
2.068187500
2.077687500
2.087750000
2.098250000
2.108312500
2.119625000
2.130687500
2.142062500
2.152687500
2.164937500
2.176062500
2.187312500
2.199125000
2.211750000
2.226562500
2.257250000
2.279375000
2.363937500
2.367875000
2.373375000
2.389125000
2.400562500
2.411125000
2.421187500
2.430875000
2.440500000
2.449687500
2.459500000
2.470187500
2.481062500
2.488500000
2.497187500	
2.504625000	
2.513187500
2.519000000
2.526437500
2.534812500
2.543437500
2.552250000
2.561187500
2.570437500
2.579125000
2.587687500
2.596125000
2.604562500
2.612875000
2.621375000
2.629812500
2.638250000
2.646812500
2.655312500
2.663812500
2.672312500
2.680812500
2.689500000
2.698062500
2.706687500
2.715312500
2.723937500
2.732500000
2.741187500
2.749812500
2.758500000
2.767125000
2.775875000
2.784437500
2.792937500
2.801625000
2.810812500
2.820625000
2.830937500
2.936375000
2.982187500
2.990500000
2.998500000
3.007687500
3.016375000
3.025312500
3.034125000
3.042875000
3.051750000
3.060375000
3.068750000
3.077312500
3.085687500
3.094062500
3.102562500
3.111187500
3.119812500
3.128500000
3.137062500
3.145812500
3.154562500
3.163312500
3.171875000
3.180812500
3.190000000
3.270500000
3.277437500
3.285000000
3.293187500
3.302625000
3.311062500
3.322375000
3.513937500
3.520312500
3.529375000
3.537687500
3.546625000
3.555250000
3.564125000
3.573312500
3.582937500
3.593312500
3.604437500
3.614000000
3.620250000
3.628125000	
3.635625000	
3.643125000	
3.650375000	
3.657125000
3.664750000
3.673250000
3.681875000
3.690312500
3.698875000
3.707375000
3.716000000
3.724812500
3.733937500
3.743312500
3.753187500
3.763062500
3.773250000
3.783875000
3.794500000
3.803687500
