0.174562500
0.227125000
0.236625000
0.244250000
0.253062500
0.261125000
0.269500000
0.278062500
0.286687500
0.295375000
0.304375000
0.312875000
0.321750000
0.330437500
0.339187500
0.347750000
0.356250000
0.364875000
0.373250000
0.381562500
0.389937500
0.398062500
0.406000000
0.413750000
0.421312500
0.428625000
0.435750000
0.442562500
0.449187500
0.455750000
0.462312500
0.468875000
0.475437500
0.482000000
0.488625000
0.495437500
0.502562500
0.510437500
0.624625000
0.649562500
0.655125000
0.662250000
0.670062500
0.677812500
0.685812500
0.694125000
0.702625000
0.711125000
0.719687500
0.728312500
0.737062500
0.745750000
0.754500000
0.763437500
0.772312500
0.781250000
0.790375000
0.799437500
0.808562500
0.817687500
0.826812500
0.836062500
0.845312500
0.854625000
0.864000000
0.873187500
0.882375000
0.891562500
0.900750000
0.909937500
0.919125000
0.928562500
0.935125000
1.065000000
1.071312500
1.078500000
1.085625000
1.093687500
1.101000000
1.108812500
1.116375000
1.124062500
1.131625000
1.139125000
1.146562500
1.153875000
1.161250000
1.168625000
1.176062500
1.183750000
1.191875000
1.201375000
1.319312500
1.336437500
1.344312500
1.352375000
1.361000000
1.369750000
1.378937500
1.388062500
1.397187500
1.406312500
1.415437500
1.424500000
1.433625000
1.442812500
1.452000000
1.461312500
1.470562500
1.480000000
1.489437500
1.498875000
1.508437500
1.518187500
1.527687500
1.537437500
1.547125000
1.556625000
1.566437500
1.575812500
1.585500000
1.595187500
1.604750000
1.614187500
1.623500000
1.632812500
1.642125000
1.651625000
1.660812500
1.670687500
1.760312500
1.782000000
1.790312500
1.797687500
1.806187500
1.814562500
1.823062500
1.831687500
1.840562500
1.849437500
1.858500000
1.867625000
1.876937500
1.886125000
1.895562500
1.905250000
1.916125000
1.927125000
1.953750000
1.960125000
1.970562500
1.982062500
1.993062500
2.004625000
2.015875000
2.026562500
2.035500000
2.203750000
2.212062500
2.220812500
2.230187500
2.239750000
2.249250000
2.260062500
2.377312500
2.382125000
2.389875000
2.398562500
2.406312500
2.414250000
2.422125000
2.430312500
2.438625000
2.447062500
2.455562500
2.464125000
2.472750000
2.481437500
2.490375000
2.499687500
2.509750000
2.587562500
2.593500000
2.601125000
2.609000000
2.616875000
2.624875000
2.633250000
2.641687500
2.650125000
2.658562500
2.666937500
2.675500000
2.684062500
2.692625000
2.701375000
2.710562500
2.720500000
2.731937500
2.749750000
2.755125000
2.761125000
2.767250000
2.777562500
2.785062500
2.794125000
2.805000000
2.815875000
2.826750000
2.838375000
2.850437500
2.863562500
2.877125000
2.891562500
2.907812500
2.924562500
2.939687500
2.956000000
2.971375000
2.987875000
3.004750000
3.018687500
3.046375000
3.055125000
3.087812500
