0.113625000
0.217000000
0.249125000
0.256312500
0.266625000
0.274125000
0.282187500
0.290187500
0.297875000
0.305562500
0.313125000
0.320437500
0.327687500
0.334875000
0.342062500
0.349187500
0.356000000
0.363000000
0.369687500
0.376437500
0.383000000
0.389687500
0.396250000
0.402687500
0.409187500
0.415687500
0.422375000
0.428875000
0.435312500
0.442062500
0.448750000
0.455375000
0.462375000
0.469062500
0.475750000
0.482750000
0.489812500
0.496875000
0.503875000
0.510750000
0.517875000
0.523687500
0.530437500
0.537000000
0.543562500
0.550312500
0.557125000
0.563562500
0.570437500
0.577000000
0.583750000
0.590437500
0.597125000
0.603875000
0.610375000
0.617125000
0.623687500
0.630187500
0.636562500
0.643250000
0.650000000
0.656437500
0.663250000
0.670125000
0.676750000
0.683375000
0.689812500
0.696937500
0.703625000
0.710500000
0.717437500
0.724000000
0.730750000
0.737500000
0.744187500
0.751000000
0.757687500
0.764312500
0.771125000
0.777562500
0.784062500
0.790375000
0.796687500
0.803312500
0.809812500
0.816375000
0.823187500
0.829875000
0.836812500
0.843812500
0.851062500
0.858250000
0.865875000
0.873562500
0.881562500
0.889562500
0.898125000
0.906687500
0.915375000
0.924562500
0.933812500
0.942562500
0.951875000
0.960875000
0.970125000
0.979812500
0.989000000
0.998000000
1.007500000
1.016687500
1.025875000
1.035250000
1.044500000
1.053937500
1.063062500
1.072000000
1.080875000
1.089687500
1.098437500
1.106937500
1.115812500
1.125375000
1.135187500
1.142500000	
1.210125000
1.215062500
1.221875000
1.228812500
1.235812500
1.242875000
1.249937500
1.257187500
1.264312500
1.271625000
1.278812500
1.286187500
1.293375000
1.300687500
1.308125000
1.315437500
1.322687500
1.330125000
1.337500000
1.345187500
1.352500000
1.360187500
1.367687500
1.375437500
1.383187500
1.391062500
1.398875000
1.406687500
1.414687500
1.422500000
1.430437500
1.438625000
1.446937500
1.455812500
1.465250000
1.472875000
1.480000000	
1.580500000
1.588375000
1.596000000
1.604437500
1.612500000
1.621062500
1.629687500
1.639375000
1.767312500
1.773250000
1.780250000
1.787125000
1.794375000
1.801812500
1.809187500
1.816687500
1.824312500
1.831500000
1.839125000
1.846625000
1.854437500
1.862312500
1.870250000
1.878312500
1.886375000
1.894375000
1.902625000
1.910812500
1.919312500
2.096500000
2.104000000
2.113687500
2.123687500
2.134500000
2.146000000
2.158375000
2.171500000
2.185125000
2.198750000
2.212625000
2.229000000
