0.253050
0.258988
0.265050
0.272175
0.278300
0.285425
0.291863
0.298488
0.304988
0.311488
0.318050
0.324613
0.331113
0.337675
0.344238
0.350800
0.357363
0.363800
0.370300
0.376738
0.383050
0.389363
0.395675
0.402050
0.408363
0.414738
0.421175
0.427613
0.434175
0.440925
0.448175
0.455863
0.463925
0.471613
0.513363
0.519800
0.526613
0.533613
0.539925
0.546988
0.553737
0.560488
0.567238
0.573863
0.580425
0.586863
0.593300
0.599800
0.606363
0.612862
0.619363
0.625862
0.632425
0.638988
0.645550
0.652175
0.658925
0.665737
0.672800
0.680238
0.688362
0.766425
0.770925
0.777675
0.784550
0.791425
0.798362
0.805238
0.812175
0.818987
0.825738
0.832425
0.838925
0.845488
0.851925
0.858425
0.864862
0.871300
0.877738
0.884112
0.890550
0.897050
0.903675
0.910488
0.917175
0.923863
0.930800
0.936300
1.012987
1.018488
1.025363
1.032300
1.039800
1.047238
1.054863
1.062613
1.070613
1.078675
1.086737
1.094800
1.102988
1.111363
1.119675
1.128113
1.136613
1.145238
1.154488
1.163988
1.237425
1.243988
1.251863
1.259925
1.268425
1.277488
1.288550
1.297238
1.323988
1.330425
1.338238
1.346550
1.354925
1.363300
1.371863
1.380425
1.389113
1.397863
1.406613
1.415425
1.424238
1.433175
1.441988
1.450925
1.459800
1.468613
1.477238
1.485863
1.494613
1.503488
1.512363
1.521238
1.530237
1.539238
1.548300
1.557487
1.566800
1.576238
1.585738
1.595363
1.605175
1.615300
1.626238
1.637238
1.650050
1.662863
1.678925
1.695175
1.712112
1.727550
1.746488
1.764800
1.779113
