0.020250000
0.217187500
0.222937500
0.231000000
0.239437500
0.248062500
0.256750000
0.265437500
0.274062500
0.283000000
0.291875000
0.300625000
0.309250000
0.317687500
0.326062500
0.334562500
0.343000000
0.351312500
0.359437500
0.367687500
0.375875000
0.384187500
0.392437500
0.400750000
0.409000000
0.417375000
0.425500000
0.433750000
0.441875000
0.449937500
0.458000000
0.466125000
0.474312500
0.482625000
0.491500000
0.500500000
0.507750000
0.661937500
0.668937500
0.676375000
0.684000000
0.691500000
0.699062500
0.706625000
0.714125000
0.721625000
0.729000000
0.736187500
0.743062500
0.749875000
0.756812500
0.763875000
0.771125000
0.778375000
0.785187500
0.798875000
0.812562500
0.816312500
0.970062500
0.974312500
0.981875000
0.989125000
0.996437500
1.003875000
1.011500000
1.019312500
1.027312500
1.035500000
1.044000000
1.053187500
1.063437500
1.075500000
1.104750000
1.109625000
1.116250000
1.125937500
1.137250000
1.148750000
1.160500000
1.173062500
1.186312500
1.199812500
1.213562500
1.226875000
1.240437500
1.253875000
1.266437500
1.277937500
1.288937500
1.299750000
1.310062500
1.320437500
1.330875000
1.341937500
1.352500000
1.390312500
1.396312500
1.403500000
1.409937500
1.418562500
1.427687500
1.436625000
1.445562500
1.454625000
1.463625000
1.472562500
1.481562500
1.490625000
1.499750000
1.509000000
1.518250000
1.527500000
1.536750000
1.546062500
1.555312500
1.564687500
1.574125000
1.583812500
1.593937500
1.604437500
1.615687500
1.664000000
1.673937500
1.683750000
1.694437500
1.704750000
1.715187500
1.727250000
1.781187500
1.788750000
1.804375000
1.810812500
1.821625000
1.830687500
1.846062500
1.859437500
1.872812500
1.885437500
1.898750000
1.918562500
1.929187500
