0.116437500
0.122187500
0.223250000
0.228125000
0.235500000
0.243750000
0.252312500
0.260687500
0.269125000
0.277812500
0.286937500
0.297062500
0.311312500
0.406500000
0.415437500
0.423750000
0.431500000
0.439125000
0.446687500
0.454312500
0.461812500
0.469437500
0.477000000
0.484562500
0.492187500
0.499875000
0.507562500
0.515250000
0.523000000
0.530937500
0.538875000
0.546875000
0.555062500
0.563437500
0.571875000
0.580375000
0.588937500
0.597687500
0.606437500
0.615437500
0.624500000
0.633750000
0.643062500
0.652687500
0.663375000
0.675312500
0.688812500
0.704687500
0.720437500
0.733812500
0.745750000
0.756812500
0.767125000
0.777062500
0.786875000
0.796750000
0.806812500
0.814625000
0.824062500
0.832437500
0.895312500
0.903812500
0.913187500
0.922375000
0.931562500
0.940687500
0.950062500
0.958937500
0.967625000
0.976312500
0.985250000
0.993937500
1.002687500
1.011437500
1.020250000
1.029062500
1.037875000
1.046812500
1.055875000
1.065062500
1.074562500
1.084250000
1.094250000
1.104312500
1.114625000
1.125250000
1.136125000
1.147625000
1.159500000
1.171687500
1.184000000
1.196375000
1.208687500
1.221187500
1.233062500
1.244875000
1.256937500
1.272000000
1.281750000
1.297000000
1.303250000
1.315187500
1.326062500
1.336687500
1.347250000
1.357937500
1.368437500
1.378625000
1.388562500
1.398125000
1.407375000
1.416250000
1.425125000
1.434250000
1.438937500
1.443000000
1.452875000
1.560937500
1.567312500
1.575937500
1.584375000
1.592875000
1.601375000
1.610000000
1.618750000
1.627500000
1.636250000
1.645000000
1.653875000
1.662687500
1.671750000
1.681625000
1.708750000
1.721750000
1.726375000
1.735000000
1.745437500
1.755500000
1.765937500
1.776687500
1.787625000
1.797375000
1.806687500
1.817125000
1.827062500
1.836625000
1.846437500
1.856187500
1.866062500
1.878625000
1.887562500
1.900687500
1.907375000
1.921187500
1.929562500
1.944187500
1.956312500
1.967937500
1.979500000
1.991625000
2.005187500
2.010875000
2.021375000
2.125125000
2.129625000
2.136375000
2.144562500
2.153625000
2.162812500
2.172000000
2.181125000
2.190250000
2.199437500
2.208875000
2.218562500
2.228500000
2.238875000
2.249687500
2.261187500
2.274125000
2.284062500
2.300812500
2.317562500
2.338625000
2.351750000
2.364125000
2.381750000
2.395625000
2.407250000
