0.219687500
0.235312500
0.243000000
0.251562500
0.259750000
0.267562500
0.275500000
0.283312500
0.291312500
0.299250000
0.307625000
0.315812500
0.323937500
0.332250000
0.340437500
0.348687500
0.356937500
0.365250000
0.373562500
0.381875000
0.390062500
0.398125000
0.406062500
0.413812500
0.421437500
0.428937500
0.436312500
0.443625000
0.450937500
0.458187500
0.465437500
0.472812500
0.480250000
0.487687500
0.492312500
0.495812500
0.501500000
0.666875000
0.671625000
0.678625000
0.685375000
0.692437500
0.699562500
0.706625000
0.714000000
0.721875000
0.730062500
0.737875000
0.746187500
0.754125000
0.813187500
0.820062500
0.826937500
0.833937500
0.840937500
0.847937500
0.854937500
0.861937500
0.868937500
0.876000000
0.883062500
0.890125000
0.897187500
0.904250000
0.911437500
0.918687500
0.926062500
0.933500000
0.940875000
0.948375000
0.955937500
0.963625000
0.971437500
0.979312500
0.987312500
0.995500000
1.003875000
1.012437500
1.021437500
1.030687500
1.039937500
1.049062500
1.058187500
1.067375000
1.076687500
1.086000000
1.095937500
1.105312500
1.115562500
1.125937500
1.136062500
1.146062500
1.156125000
1.166312500
1.176375000
1.186437500
1.196687500
1.207062500
1.277062500
1.282125000
1.289937500
1.299312500
1.308812500
1.318937500
1.328500000
1.337812500
1.347187500
1.356437500
1.365687500
1.374687500
1.383500000
1.392125000
1.401875000
1.411312500
1.507875000
1.514437500
1.523062500
1.532625000
1.542062500
1.550937500
1.559750000
1.568812500
1.577937500
1.587375000
1.597000000
1.606812500
1.615687500
1.623937500
1.631687500
1.639625000
1.647937500
1.656250000
1.664625000
1.673062500
1.681625000
1.690312500
1.699062500
1.707937500
1.716750000
1.725562500
1.734375000
1.743187500
1.751875000
1.760625000
1.769312500
1.778062500
1.786875000
1.795687500
1.804625000
1.813562500
1.822500000
1.831437500
1.840437500
1.849500000
1.859000000
1.868875000
1.879687500
1.939812500
1.945062500
1.952875000
1.961875000
1.970750000
1.979750000
1.989000000
1.998125000
2.007562500
2.017062500
2.026562500
2.036062500
2.045625000
2.055312500
2.066750000
2.096562500
2.103000000
2.112875000
2.124500000
2.135937500
2.148187500
2.161000000
2.174375000
2.189125000
2.204312500
2.216937500
