0.310187500
0.315937500
0.325625000
0.331812500
0.341187500
0.348062500
0.355687500
0.363437500
0.371062500
0.378812500
0.386687500
0.394312500
0.402125000
0.410000000
0.417750000
0.425687500
0.433500000
0.441375000
0.449187500
0.456937500
0.464562500
0.472125000
0.479437500
0.487062500
0.495000000
0.503250000
0.511375000
0.518812500
0.526375000
0.534062500
0.541375000
0.548750000
0.555937500
0.563062500
0.570062500
0.577125000
0.583437500
0.590437500
0.597125000
0.604312500
0.611312500
0.618437500
0.625562500
0.632562500
0.639687500
0.646687500
0.653812500
0.661062500
0.668375000
0.675625000
0.682812500
0.690187500
0.697750000
0.705500000
0.713375000
0.721187500
0.729250000
0.737437500
0.745750000
0.754125000
0.762437500
0.771000000
0.779562500
0.788437500
0.797187500
0.806000000
0.814875000
0.823750000
0.832750000
0.841687500
0.851000000
0.861312500
0.871937500
0.883125000
0.893250000
0.903187500
0.910750000
0.919937500
0.928875000
0.938000000
0.947062500
0.955875000
0.964875000
0.973875000
0.982875000
0.992062500
1.001250000
1.010312500
1.019500000
1.028562500
1.037750000
1.046687500
1.055500000
1.064250000
1.072875000
1.081687500
1.090250000
1.098937500
1.107562500
1.116000000
1.124437500
1.132625000
1.141000000
1.149375000
1.157937500
1.166562500
1.175437500
1.184250000
1.193375000
1.201375000
1.208125000
1.214562500
1.248562500
1.255812500
1.263937500
1.272312500
1.281250000
1.290000000
1.299062500
1.308625000
1.318250000
1.327812500
1.337625000
1.347375000
1.357000000
1.366812500
1.376500000
1.385875000
1.395375000
1.404687500
1.415062500
1.588187500
1.595062500
1.602000000
1.609000000
1.616312500
1.623687500
1.631375000
1.639125000
1.647125000
1.655125000
1.663937500
1.673625000
1.684000000
1.694125000
1.702437500
1.709812500
1.718500000
1.727500000
1.736812500
1.746062500
1.755625000
1.765312500
1.774687500
1.784812500
1.794625000
1.804812500
1.814250000
1.824750000
1.834750000
1.844812500
1.855062500
1.865250000
1.875437500
1.885312500
1.895875000
1.907187500
1.915000000
2.077312500
2.083750000
2.091187500
2.099187500
2.106687500
2.114500000
2.122250000
2.129937500
2.137625000
2.145375000
2.153125000
2.161000000
2.168937500
2.177000000
2.184937500
2.192937500
2.200812500
2.208875000
2.216937500
2.225625000
2.234812500
2.242937500
2.314125000
2.322375000
2.331250000
2.341250000
2.350812500
2.360125000
2.369687500
2.379187500
2.383562500
2.414312500
2.421000000
2.430000000
2.439000000
2.448125000
2.457187500
2.466250000
2.475625000
2.485750000
2.497000000
2.508562500
2.512812500
2.559812500
2.566562500
2.571125000
2.574500000
2.584250000
2.593750000
2.604125000
2.613250000
2.621687500
2.630125000
2.638812500
2.647562500
2.656437500
2.664875000
2.673312500
2.682000000
2.690625000
2.699000000
2.707312500
2.715562500
2.723812500
2.731937500
2.740062500
2.748312500
2.756500000
2.764625000
2.772812500
2.781000000
2.789312500
2.797687500
2.805937500
2.814312500
2.822875000
2.831250000
2.839750000
2.848312500
2.856875000
2.865437500
2.873875000
2.882375000
2.891062500
2.899812500
2.908687500
2.917500000
2.926437500
2.935500000
2.944625000
2.954000000
2.963187500
2.972750000
2.982125000
2.991500000
3.001062500
3.010687500
3.020062500
3.029437500
3.038812500
3.048187500
3.057500000
3.066750000
3.075937500
3.085125000
3.094562500
3.104062500
3.113375000
3.122750000
3.132250000
3.141875000
3.151562500
3.161250000
3.170937500
3.180687500
3.190812500
3.200875000
3.211375000
3.221875000
3.232250000
3.243000000
3.253937500
3.264875000
3.275250000
3.287062500
3.297000000
3.310187500
3.319375000
3.334937500
3.343625000
3.360187500
3.369187500
3.383500000
3.392875000
3.405437500
3.417062500
3.424000000
