0.231300
0.236987
0.243488
0.251238
0.259925
0.268550
0.277300
0.286050
0.294925
0.303613
0.312175
0.320862
0.329550
0.338300
0.347050
0.355738
0.364238
0.372550
0.380800
0.389113
0.397363
0.405675
0.414238
0.420363
0.537925
0.544550
0.551800
0.558863
0.566050
0.573425
0.580987
0.588925
0.596612
0.699050
0.704863
0.711300
0.717675
0.723988
0.730300
0.736613
0.742862
0.749113
0.755363
0.761925
0.768425
0.774550
0.781112
0.786488
0.802113
0.812238
0.823425
0.829550
0.835300
0.842550
0.848488
0.854988
0.861300
0.867738
0.874113
0.880487
0.887050
0.893925
0.900737
0.907737
0.914675
0.921800
0.928925
0.936113
0.943362
0.951113
0.959550
0.967113
0.974175
0.981488
0.988862
0.996363
1.003925
1.011550
1.019238
1.027113
1.035050
1.043175
1.051488
1.059862
1.068300
1.076800
1.085363
1.093988
1.102613
1.111425
1.120175
1.129113
1.138175
1.147425
1.156925
1.166675
1.176613
1.186925
1.197550
1.342300
1.349300
1.358737
1.367863
1.376988
1.386238
1.395488
1.404738
1.414050
1.423550
1.432988
1.442363
1.451863
1.461488
1.471238
1.481175
1.491113
1.501300
1.511550
1.521363
1.531613
1.541550
1.551425
1.561300
1.570988
1.580425
1.589863
1.599175
1.608488
1.617613
1.626737
1.635800
1.644362
1.652550
1.660800
1.669050
1.677425
1.685738
1.694300
1.702988
1.711863
1.720863
1.730050
1.739550
1.749362
1.759362
1.769425
1.779925
1.791550
1.802425
1.814363
1.833238
1.838800
