0.0955495779731473
0.214089175183479
0.222031761243192
0.228275309539390
0.240157439625429
0.245038005060370
0.252306489438159
0.259865467146276
0.267514453318483
0.275512637420341
0.283711227181907
0.291636234175687
0.299889536930732
0.308255597590414
0.316678131004653
0.325340095960698
0.333958246724474
0.342587729060804
0.351368116996928
0.360263964863107
0.369401687788007
0.378741214927071
0.387853114190756
0.397208237661052
0.407083031151905
0.415751595927878
0.424629189412841
0.433340512153195
0.441526752439016
0.449770888074798
0.457514312662347
0.465679169119791
0.473618876945700
0.481675641837905
0.489664105581816
0.497734429374232
0.506079072158748
0.513671993527905
0.521266245375986
0.529053526264196
0.536579068887525
0.544156136619555
0.551499682870115
0.558991380824320
0.566891029339280
0.575317517958636
0.698827385794625
0.705841006999513
0.713325496251609
0.720877347076232
0.728682097831058
0.736395793141494
0.744088845891022
0.751897997513142
0.759845726570337
0.767752402443212
0.775763902986205
0.784228265111240
0.792543024133259
0.801132942262885
0.809440188303411
0.818000246601597
0.826375534565290
0.834891027126226
0.843405837799876
0.851951014309400
0.860677384979629
0.869402898387064
0.878213273674632
0.886998652969486
0.895668183555028
0.904687446583973
0.913362685932787
0.922440092857694
0.931271401148696
0.940351903993568
0.949389637568394
0.958251233370938
0.967410453009668
0.977008570943170
1.07228849176126
1.07835861615754
1.08673102503358
1.09523976799236
1.10421237035870
1.11324168360137
1.12218872874364
1.13125258264281
1.14053141032164
1.14973531587638
1.15898133984477
1.16817372827081
1.17761942380196
1.18818332486139
1.31195823337168
1.31971804307272
1.32767306937943
1.33600952990230
1.34449707209090
1.35285406782948
1.36127210315218
1.36974260600299
1.37854844109966
1.38730798084867
1.39627225041254
1.40516491244242
1.41424830906400
1.42321409654177
1.43214345323223
1.44119095470817
1.45032716676677
1.45947937994101
1.46856867166570
1.47758831900907
1.48771251500733
1.59954684902354
1.60711756776093
1.62137995085971
1.63341876881993
1.64576610114564
1.65766176341854
1.66932637307211
1.68168685998086
1.69337237202568
1.70529894340772
1.71947430110248