0.100000000
0.151687500
0.232937500
0.241937500
0.252437500
0.258125000
0.263812500
0.269062500
0.274812500
0.281062500
0.289125000
0.296812500
0.305187500
0.314250000
0.323875000
0.332500000
0.341687500
0.350812500
0.360312500
0.369812500
0.379187500
0.388687500
0.397937500
0.407250000
0.416562500
0.426187500
0.512437500
0.520125000
0.527750000
0.535000000
0.542187500
0.549312500
0.556500000
0.563562500
0.570625000
0.577687500
0.584625000
0.591437500
0.598312500
0.605250000
0.612125000
0.619125000
0.625875000
0.633000000
0.640687500
0.647062500
0.714000000
0.718812500
0.725250000
0.731750000
0.738187500
0.745125000
0.751562500
0.758187500
0.764625000
0.771312500
0.778125000
0.785000000
0.792000000
0.799187500
0.806500000
0.813937500
0.821500000
0.830125000
0.929812500
0.935250000
0.943500000
0.950937500
0.958687500
0.966625000
0.974687500
0.982812500
0.990812500
0.998875000
1.006812500
1.014687500
1.022562500
1.030312500
1.038125000
1.045812500
1.053562500
1.061375000
1.069250000
1.077187500
1.085187500
1.093375000
1.101812500
1.110437500
1.119250000
1.128125000
1.137062500
1.145875000
1.155562500
1.166125000
1.297125000
1.333812500
1.342437500
1.351000000
1.357187500
1.366000000
1.375125000
1.384250000
1.394562500
1.467875000
1.474187500
1.481562500
1.490312500
1.499312500
1.508375000
1.517250000
1.526187500
1.535562500
1.545062500
1.554437500
1.564187500
1.574312500
1.584000000
1.591500000
1.600625000
1.609500000
1.618625000
1.627937500
1.637125000
1.646625000
1.656312500
1.665875000
1.675562500
1.685187500
1.694750000
1.704187500
1.713562500
1.722937500
1.732250000
1.741500000
1.750812500
1.760062500
1.769312500
1.778562500
1.787937500
1.797250000
1.806937500
1.816375000
1.825937500
1.835750000
1.845937500
1.857062500
1.865625000
1.876812500
1.881750000
1.887125000
1.894250000
1.903375000
1.913250000
1.922437500
1.931937500
1.941750000
1.951812500
1.961937500
1.972187500
1.982812500
1.993375000
2.004250000
2.015250000
2.026250000
2.037375000
2.048812500
2.063187500
2.088312500
2.127125000
2.147375000
2.163750000
2.176875000
2.184062500
2.191312500
2.201312500
2.210312500
2.219250000
2.228062500
2.236750000
2.245375000
2.254062500
2.262875000
2.271562500
2.280375000
2.289312500
2.297812500
2.303937500
2.307000000
2.430312500
2.435250000
2.445875000
2.458562500
2.469687500
2.481000000
2.492250000
2.504000000
2.515250000
2.527062500
2.537437500
2.549125000
