0.050375000
0.226687500
0.231500000
0.236062500
0.240875000
0.247375000
0.254562500
0.262375000
0.270125000
0.278250000
0.286562500
0.295187500
0.303937500
0.316812500
0.324750000
0.336250000
0.345312500
0.353562500
0.361687500
0.369000000
0.375937500
0.382875000
0.389750000
0.396625000
0.403812500
0.411125000
0.418812500
0.426625000
0.434562500
0.443187500
0.452125000
0.489750000
0.496250000
0.503562500
0.511000000
0.518250000
0.525812500
0.533125000
0.540250000
0.547187500
0.554187500
0.561312500
0.568375000
0.575500000
0.582687500
0.589937500
0.597187500
0.604500000
0.611937500
0.619500000
0.627125000
0.634937500
0.643125000
0.651937500
0.661437500
0.671187500
0.680125000
0.688625000
0.697062500
0.705625000
0.714625000
0.723750000
0.733125000
0.742812500
0.752250000
0.762125000
0.771625000
0.781312500
0.791062500
0.800750000
0.810250000
0.819875000
0.829562500
0.839062500
0.848500000
0.857875000
0.867250000
0.876562500
0.885750000
0.894812500
0.903562500
0.912500000
0.921500000
0.930187500
0.939062500
0.947812500
0.956250000
0.964812500
0.973187500
0.981562500
0.990000000
0.998312500
1.006625000
1.015062500
1.023437500
1.031937500
1.040500000
1.049062500
1.057750000
1.066625000
1.075375000
1.084437500
1.093250000
1.102125000
1.110937500
1.119625000
1.128187500
1.136750000
1.145312500
1.153875000
1.162312500
1.170875000
1.179812500
1.188750000
1.197937500
1.206062500
1.214437500
1.222687500
1.231000000
1.239312500
1.247687500
1.256062500
1.264375000
1.272687500
1.281187500
1.290000000
1.395500000
1.399875000
1.406875000
1.414375000
1.421875000
1.429437500
1.437437500
1.445562500
1.453687500
1.461812500
1.470000000
1.478250000
1.486437500
1.494687500
1.503125000
1.511562500
1.520000000
1.528562500
1.537062500
1.545625000
1.554625000
1.565125000
1.696000000
1.703062500
1.711187500
1.718812500
1.726562500
1.734500000
1.742625000
1.750875000
1.759062500
1.767312500
1.776125000
1.785625000
1.833750000
1.838125000
1.844125000
1.853437500
1.860625000
1.868687500
1.877500000
1.886250000
1.895250000
1.904562500
1.914062500
1.923812500
1.934562500
1.942625000
1.952187500
1.959375000
1.967437500
1.975500000
1.983437500
1.991437500
1.999500000
2.007687500
2.015875000
2.024062500
2.032250000
2.040375000
2.048625000
2.056875000
2.065187500
2.073500000
2.081875000
2.090375000
2.099187500
2.108250000
2.117687500
2.127062500
2.136687500
2.145937500
2.155375000
2.164937500
2.175625000
2.186062500
2.196437500
2.207250000
2.217000000
2.227312500
2.236812500
2.245687500
2.405937500
2.412750000
2.420812500
2.429000000
2.437187500
2.445375000
2.453750000
2.462125000
2.470562500
2.479250000
2.489062500
2.633125000
2.640125000
2.650500000
2.663562500
2.673437500
2.686687500
2.697500000
2.711750000
2.724250000
2.737937500
2.754312500
2.789375000
2.798875000
2.819125000
2.836062500
2.855187500
2.884750000
2.893187500
