0.0888115144272688
0.224712092045420
0.231529185297012
0.247454547221931
0.254773872676486
0.263685867722228
0.271497821116924
0.279661207168996
0.287862996236044
0.295764650020600
0.303936762253146
0.311865985269624
0.319737599345679
0.327768165700203
0.335557509785406
0.343317001871618
0.351109550913703
0.358909562568142
0.366619973002858
0.374165777549247
0.381713179942114
0.389104844946506
0.396613927462697
0.404018687982506
0.411416154061761
0.418760794825435
0.426152628988475
0.433183523195481
0.440446935592761
0.447315083820952
0.454392245919061
0.461238287238471
0.468107499930085
0.474746976690351
0.481650876622449
0.488490989778505
0.495105365304163
0.501868512470884
0.508492876635100
0.515360226279786
0.522437530699511
0.529682670037074
0.536880886002295
0.544277888268744
0.551162830503132
0.558275377437278
0.564860338736275
0.571314544153537
0.577634901028060
0.584080989659047
0.590569986048836
0.597013274208068
0.603472672245910
0.610016457434795
0.616402110083277
0.622927779151621
0.629619001609946
0.635954867161867
0.642545584556020
0.648839581711889
0.655302171018060
0.661986610748320
0.668437120327623
0.675246364493273
0.681926232277251
0.688906252703983
0.696331172486424
0.703697928109814
0.711632199020219
0.832624812474784
0.858722426201518
0.863581439681258
0.870650571784822
0.877616636027205
0.884665611668290
0.891626711302983
0.898687067797968
0.905929108853807
0.913105874181988
0.920115130116603
0.927372884162193
0.934614671064313
0.941802339547537
0.949033633722557
0.956370660147122
0.963555523627920
0.970889166942642
0.978127898549834
0.985300964325754
0.992706430633916
1.00004268129732
1.00737947235639
1.01478789598882
1.02225829336515
1.02982764149701
1.03738328587625
1.04508463601601
1.05292148145460
1.06066808597303
1.06867576877774
1.07749209313901
1.08724374823696
1.15399371024774
1.15888569122765
1.16665906102700
1.17429231454220
1.18226945358633
1.19009986908253
1.19781321708129
1.20560477911367
1.21353142558540
1.22148624247700
1.22993503954955
1.23820635733240
1.24706553360044
1.25672080915587
1.26611646802881
1.31279936277259
1.31923413207510
1.32710409739090
1.33501814458587
1.34294618905365
1.35080239376700
1.35877950156045
1.36675025671747
1.37482771101347
1.38277757524910
1.39052207132286
1.39847161566641
1.40637510434538
1.41447842221898
1.42246355449888
1.43066718094352
1.43915204723962
1.44771135093391
1.59819582168524
1.61279318207006
1.61711616688565
1.62451354096884
1.63197050098656
1.63962561198850
1.64715220350414
1.65474520886435
1.66245797087259
1.67027296949605
1.67813172713535
1.68612421521227
1.69422969322224
1.70210982904945
1.71011407667696
1.71821174341736
1.72672665576562
1.73361348793010
1.85983767948380
1.93477786966602
1.94194611044889
1.94972249068105
1.95729699901711
1.96487652875500
1.97256650123352
1.98029528519768
1.98812633252328
1.99599434242195
2.00375079453466
2.01191304519187
2.01991588292770
2.02818370451351
2.03664536960287
2.04542034355436
2.05422503555813
2.06339595589790
2.07281050792053
2.08238954767663
2.09192917417351
2.10195313829340
2.11293391527808
2.12075110568896
2.13405287268580
2.16491069809130
2.17123021985026
2.19040153097912
2.19786105135337
2.21411845322298
2.21962244900790
2.22927043936338
2.23885218555455
2.24818416510872
2.25786861547410
2.26699162620276
2.27580446923314
2.28494369968817
2.29407892338654
2.30329477428976
2.38993808541660
2.39731987826942
2.40480591240674
2.41274048906538
2.42055524303830
2.42847273188393
2.43657681900058
2.44454499099734
2.45264076354160
2.46094369846098
2.46910378983406
2.47766044742150
2.48602065544365
2.49490927965685
2.50375735812292
2.51248976863991
2.52140064809107
2.53046124384285
2.53958908113226
2.54901159025532
2.55842937163741
2.56947311128869
2.57955729394263
2.58880454044042
2.59724240833317
2.60577415863138
2.61392957593999
2.62281971207706
2.63211497751672
2.64155279559016
2.65181294431459
2.66477576982298
2.67987114850452
2.69098322529834
2.70374203966656
2.71655673009352
2.73051675243677
2.74335730177138
2.75428859589635
2.76488331223572
2.77676143076598
2.78824666695225
2.79771955319743