0.261500000
0.267062500
0.274500000
0.281375000
0.288375000
0.295125000
0.302125000
0.309187500
0.316312500
0.323187500
0.330500000
0.337812500
0.345000000
0.352375000
0.359937500
0.367500000
0.375125000
0.382687500
0.390062500
0.397500000
0.404687500
0.412062500
0.419375000
0.426687500
0.434062500
0.441312500
0.448812500
0.456000000
0.463562500
0.471125000
0.478875000
0.487000000
0.495250000
0.503625000
0.512187500
0.520437500
0.528312500
0.536250000
0.544937500
0.553062500
0.561187500
0.569000000
0.577062500
0.583937500
0.592687500
0.599750000
0.607187500
0.614437500
0.621687500
0.628875000
0.636000000
0.643062500
0.650062500
0.656875000
0.663812500
0.670687500
0.677562500
0.684375000
0.691312500
0.698062500
0.704812500
0.711437500
0.718062500
0.724812500
0.731375000
0.738125000
0.744750000
0.751562500
0.758437500
0.765312500
0.772000000
0.778875000
0.786125000
0.793312500
0.800625000
0.808375000
0.816562500
0.825812500
0.834812500
0.844000000
0.850812500
0.858250000
0.866250000
0.874375000
0.882437500
0.890750000
0.899125000
0.907875000
0.916937500
0.926875000
0.937562500
0.947312500
0.957187500
0.962937500
0.969125000
0.976875000
0.985750000
0.994250000
1.003000000
1.011500000
1.020375000
1.029062500
1.037687500
1.046062500
1.054500000
1.062937500
1.071312500
1.079812500
1.088000000
1.096375000
1.104750000
1.112937500
1.121125000
1.129437500
1.137812500
1.146062500
1.154250000
1.162562500
1.170750000
1.179062500
1.187250000
1.195750000
1.204062500
1.212375000
1.220750000
1.229187500
1.237500000
1.245875000
1.254187500
1.262562500
1.270812500
1.279062500
1.287312500
1.295562500
1.303687500
1.312125000
1.320375000
1.328812500
1.337375000
1.345875000
1.354625000
1.363500000
1.372437500
1.381562500
1.390875000
1.400250000
1.409750000
1.419250000
1.429062500
1.438937500
1.448812500
1.458812500
1.468937500
1.479125000
1.489562500
1.499937500
1.510562500
1.520812500
1.531375000
1.541875000
1.552562500
1.563187500
1.575250000
