0.065187500
0.132750000
0.233937500
0.240187500
0.247750000
0.255812500
0.263437500
0.271500000
0.279562500
0.287812500
0.296000000
0.304125000
0.312250000
0.320437500
0.328500000
0.336687500
0.345125000
0.353375000
0.362125000
0.370625000
0.379000000
0.387062500
0.394812500
0.402250000
0.409750000
0.417250000
0.424687500
0.431875000
0.439062500
0.446125000
0.453000000
0.460000000
0.466625000
0.473375000
0.479875000
0.486562500
0.493125000
0.499687500
0.506375000
0.513125000
0.519750000
0.526375000
0.533062500
0.539812500
0.546500000
0.553250000
0.560000000
0.566875000
0.573562500
0.580500000
0.587187500
0.593937500
0.600812500
0.607562500
0.614437500
0.621250000
0.628125000
0.634875000
0.641875000
0.648812500
0.655625000
0.662500000
0.669375000
0.676437500
0.683500000
0.690500000
0.697750000
0.704937500
0.712375000
0.719625000
0.727125000
0.734750000
0.742312500
0.749937500
0.757562500
0.765250000
0.773062500
0.780687500
0.788562500
0.796625000
0.805000000
0.813625000
0.822375000
0.831187500
0.839812500
0.848437500
0.856875000
0.865437500
0.874000000
0.882437500
0.890500000
0.900000000
0.905812500
0.915625000
0.921750000
0.929812500
0.937625000
0.945687500
0.953750000
0.962000000
0.970375000
0.979062500
0.988312500
0.997562500
1.007125000
1.016000000
1.025687500
1.034250000
1.067187500
1.073375000
1.081062500
1.088687500
1.096437500
1.104187500
1.111812500
1.119312500
1.126937500
1.134500000
1.142125000
1.149625000
1.157062500
1.165000000
1.172812500
1.180562500
1.188562500
1.196562500
1.204812500
1.213250000
1.221875000
1.230812500
1.239125000
1.247375000
1.255500000
1.263937500
1.272437500
1.281375000
1.319500000
1.325250000
1.333000000
1.340812500
1.348875000
1.356937500
1.365000000
1.373125000
1.381312500
1.389437500
1.397625000
1.405875000
1.414500000
1.423187500
1.431875000
1.440812500
1.449812500
1.458687500
1.467812500
1.476875000
1.486000000
1.495062500
1.504375000
1.513750000
1.523437500
1.532937500
1.542500000
1.552187500
1.561687500
1.571187500
1.580750000
1.590312500
1.599875000
1.609187500
1.618625000
1.628312500
1.637750000
1.647437500
1.657250000
1.667250000
1.676875000
1.685312500
1.696062500
1.702687500
1.711937500
1.720250000
1.728750000
1.737437500
1.746000000
1.754625000
1.763250000
1.771937500
1.780625000
1.789437500
1.798312500
1.807062500
1.815812500
1.824500000
1.833250000
1.842187500
1.851062500
1.859937500
1.868625000
1.877500000
1.886312500
1.895062500
1.903875000
1.912625000
1.921625000
1.930562500
1.939750000
1.948875000
1.958625000
1.969312500
2.114875000
2.121625000
2.131562500
2.141812500
2.152250000
2.162312500
2.172625000
2.182312500
2.192062500
2.202125000
2.211187500
2.223625000
2.231687500
2.244937500
2.253125000
2.264937500
2.275250000
2.287062500
2.293937500