0.011312500
0.213437500
0.221312500
0.229125000
0.236937500
0.244937500
0.253000000
0.261187500
0.269562500
0.278187500
0.286875000
0.295687500
0.304312500
0.312687500
0.320312500
0.328000000
0.335687500
0.343562500
0.351250000
0.359062500
0.366875000
0.374625000
0.382250000
0.390250000
0.398500000
0.407062500
0.416062500
0.424062500
0.431937500
0.439500000
0.447000000
0.454437500
0.462000000
0.469500000
0.477062500
0.484625000
0.492312500
0.500125000
0.508062500
0.516000000
0.523937500
0.531875000
0.540062500
0.547062500
0.585937500
0.592125000
0.598562500
0.605812500
0.612875000
0.619937500
0.627000000
0.634125000
0.641125000
0.648250000
0.655312500
0.662375000
0.669312500
0.676187500
0.683625000
0.690687500
0.698125000
0.706000000
0.835562500
0.840875000
0.847250000
0.853687500
0.860062500
0.866437500
0.872937500
0.879312500
0.885562500
0.891875000
0.898125000
0.904375000
0.910687500
0.917125000
0.923750000
0.930500000
0.937312500
0.944187500
0.951187500
0.958062500
0.965125000
0.972312500
0.979562500
0.987312500
0.995562500
1.075750000
1.081875000
1.091062500
1.100000000
1.109062500
1.118312500
1.127937500
1.137625000
1.147375000
1.157375000
1.167812500
1.178250000
1.188750000
1.199312500
1.209875000
1.220500000
1.231437500
1.242375000
1.253812500
1.264687500
1.274250000
1.283437500
1.293000000
1.305875000
1.390562500
1.408437500
1.418000000
1.426062500
1.435562500
1.443625000
1.451625000
1.459687500
1.467562500
1.475500000
1.483375000
1.491312500
1.499187500
1.507125000
1.515125000
1.523125000
1.531187500
1.539250000
1.547312500
1.555437500
1.563625000
1.571875000
1.580187500
1.588375000
1.596250000
1.604000000
1.611625000
1.619125000
1.626562500
1.634062500
1.641500000
1.648812500
1.656000000
1.663125000
1.670000000
1.676875000
1.683750000
1.690562500
1.697437500
1.704687500
1.712000000
1.719562500
1.727562500
1.834000000
1.840062500
1.848500000
1.856437500
1.864437500
1.872500000
1.880625000
1.888750000
1.897000000
1.905562500
1.914187500
1.922812500
1.931500000
1.940187500
1.948875000
1.957562500
1.966250000
1.974937500
1.983812500
1.992812500
2.001937500
2.011000000
2.021125000
2.031062500
2.041062500
2.051187500
2.060937500
2.070562500
2.079937500
2.089187500
2.098500000
2.107812500
2.117312500
2.127812500
2.135875000
2.145187500
2.154250000
2.163625000
2.173062500
2.182562500
2.192062500
2.201625000
2.211250000
2.220937500
2.231000000
2.241312500
2.251937500
2.262937500
2.274250000
2.286125000
2.299062500
2.312687500
2.328437500
2.346437500
2.376000000
2.420125000
