0.106800
0.218675
0.225612
0.230675
0.238363
0.246112
0.253675
0.261175
0.268738
0.276238
0.283800
0.291425
0.299175
0.306988
0.314863
0.322800
0.330675
0.338488
0.346488
0.354550
0.362738
0.370863
0.379050
0.387175
0.395300
0.403300
0.411300
0.419238
0.427175
0.435050
0.442800
0.450488
0.458113
0.465550
0.472863
0.479925
0.487050
0.493863
0.500550
0.507300
0.513863
0.520175
0.526863
0.534112
0.540362
0.644300
0.649613
0.655550
0.661300
0.667050
0.672800
0.678550
0.684300
0.690113
0.695925
0.701800
0.707675
0.713675
0.719675
0.725738
0.731862
0.737988
0.744238
0.750487
0.756800
0.763175
0.769675
0.776112
0.782675
0.789238
0.795863
0.802488
0.809175
0.815863
0.822675
0.829488
0.836550
0.843800
0.851612
0.980988
0.985800
0.991738
0.997238
1.002925
1.008675
1.014550
1.020425
1.026488
1.032675
1.038925
1.045363
1.051988
1.058863
1.065988
1.073425
1.081112
1.089050
1.097238
1.105613
1.114175
1.122800
1.131488
1.140300
1.149175
1.157987
1.166925
1.175863
1.184675
1.193488
1.202425
1.211300
1.220238
1.229175
1.238112
1.246987
1.255863
1.264675
1.273550
1.282300
1.291113
1.299925
1.308925
1.318050
1.327050
1.336050
1.344675
1.353238
1.361613
1.369863
1.378362
1.386863
1.395238
1.403550
1.411800
1.419800
1.427863
1.435925
1.444175
1.453675
1.462738
1.478238
1.485113
1.492300
1.499737
1.507300
1.514488
1.521675
1.528863
1.535988
1.543175
1.550550
1.557925
1.565238
1.572425
1.579487
1.586550
1.593363
1.600300
1.607238
1.614175
1.621050
1.627863
1.634675
1.641488
1.648300
1.655113
1.661863
1.668488
1.675050
1.681613
1.688175
1.694738
1.701363
1.707988
1.714675
1.721863
1.729113
1.736550
1.743800
1.751238
1.756800
1.764238
1.769300
1.775675
1.781800
1.787988
1.794237
1.800488
1.806675
1.812863
1.819113
1.825363
1.831550
1.837863
1.844238
1.850613
1.857050
1.863488
1.870050
1.876613
1.883300
1.889987
1.896738
1.903488
1.910363
1.917237
1.924175
1.931425
1.938550
1.945675
1.952862
1.960050
1.967175
1.974300
1.981425
1.988488
1.995550
2.002550
2.009550
2.016488
2.023487
2.030425
2.037425
2.044550
2.051675
2.059050
2.066737
2.074488
2.082362
2.112862
2.119800
2.126800
2.133425
2.139925
2.146363
2.152925
2.159550
2.166300
2.173488
2.181113
2.188550
2.196050
2.203550
2.211425
2.219425
2.227737
2.236300
2.245112
2.254175
2.263488
2.273300
2.283237
2.293300
2.303488
2.313675
2.323488
2.333050
2.343050
2.476237
2.484050
2.491425
2.499425
2.507238
2.514925
2.522550
2.530300
2.538113
2.546050
2.553987
2.562050
2.570362
2.578800
2.587175
2.595550
2.603988
2.612363
2.620613
2.628862
2.637050
2.645175
2.653237
2.661113
2.668925
2.676675
2.684363
2.691800
2.699300
2.706612
2.713800
2.720925
2.727988
2.735050
2.742113
2.749112
2.756113
2.763113
2.770175
2.777112
2.784113
2.791175
2.798237
2.805363
2.812488
2.819675
2.826862
2.834175
2.841487
2.848863
2.856300
2.863800
2.871363
2.878988
2.886862
2.894738
2.902800
2.910862
2.918988
2.927300
2.935613
2.943988
2.952425
2.960863
2.969425
2.977925
2.986675
2.995425
3.004237
3.013113
3.021987
3.030800
3.039738
3.048675
3.057550
3.066425
3.075238
3.084050
3.092738
3.101488
3.110175
3.119050
3.127988
3.136925
3.146113
3.155113
3.164300
3.173550
3.182863
3.191800
3.200988
3.210113
3.219113
3.227988
3.236737
3.245300
3.253613
3.263362
3.435237
3.458425
3.464612
3.471862
3.479238
3.486800
3.494425
3.502113
3.509863
3.517612
3.525425
3.533237
3.541113
3.549113
3.557113
3.565300
3.573612
3.581863
3.590175
3.598613
3.607175
3.617237
3.627863
3.635550
3.643800
3.652550
3.661488
3.670300
3.680238
3.784300
3.789862
3.800113
3.810175
3.820300
3.830800
3.841800
3.852675
3.864238
3.876800
3.889362
3.902050
3.911488
