0.105125000
0.223625000
0.227562500
0.236125000
0.244125000
0.251875000
0.259625000
0.267687500
0.275687500
0.283750000
0.291750000
0.299625000
0.307562500
0.315312500
0.322875000
0.330437500
0.337750000
0.345500000
0.354437500
0.513062500
0.519187500
0.525750000
0.532312500
0.539562500
0.546562500
0.553562500
0.560437500
0.567312500
0.574125000
0.581000000
0.587875000
0.594750000
0.601500000
0.608375000
0.615062500
0.622000000
0.628750000
0.635500000
0.642500000
0.649562500
0.656562500
0.663500000
0.670562500
0.677687500
0.684812500
0.692312500
0.700250000
0.708750000
0.716687500
0.723625000
0.729812500
0.736937500
0.744250000
0.751437500
0.758750000
0.766375000
0.774562500
0.898562500
0.903812500
0.910937500
0.917875000
0.924875000
0.932000000
0.939250000
0.946500000
0.953875000
0.961125000
0.968687500
0.976000000
0.983500000
0.991062500
0.998625000
1.006250000
1.013937500
1.021625000
1.029562500
1.037312500
1.045250000
1.053187500
1.061062500
1.069000000
1.076875000
1.084875000
1.092875000
1.101000000
1.109062500
1.117375000
1.125500000
1.133937500
1.142187500
1.150500000
1.158687500
1.166875000
1.175125000
1.183312500
1.191437500
1.199562500
1.207562500
1.215687500
1.223937500
1.231937500
1.240437500
1.248562500
1.257062500
1.265875000
1.274312500
1.282750000
1.291437500
1.300312500
1.310062500
1.317812500
1.327750000
1.335937500
1.345437500
1.354312500
1.363062500
1.371687500
1.380250000
1.388875000
1.397375000
1.406125000
1.414562500
1.422937500
1.431437500
1.439750000
1.448062500
1.457250000
1.466875000
1.529000000
1.536062500
1.544125000
1.552250000
1.560875000
1.569250000
1.577687500
1.586250000
1.594875000
1.603562500
1.612187500
1.620750000
1.629375000
1.637937500
1.646625000
1.655500000
1.666125000
1.809875000
1.814375000
1.822625000
1.830312500
1.837937500
1.845937500
1.854187500
1.862500000
1.871375000
1.880625000
1.890000000
1.899625000
1.909250000
1.919062500
1.929187500
1.939250000
1.949812500
1.960437500
1.971500000
1.982750000
1.993812500
2.004437500
2.016750000
2.027062500
2.040937500
