0.026300
0.217738
0.221862
0.229863
0.237987
0.246112
0.254425
0.262800
0.271300
0.279863
0.288300
0.296675
0.305113
0.313488
0.321738
0.330113
0.338363
0.346613
0.354675
0.362550
0.370238
0.377675
0.384863
0.391863
0.398675
0.405300
0.411738
0.417988
0.424113
0.430175
0.436238
0.442238
0.448300
0.454300
0.460238
0.466238
0.472238
0.478300
0.484425
0.490613
0.497175
0.502363
0.636863
0.641863
0.647613
0.653425
0.659112
0.664800
0.670613
0.676362
0.682175
0.688050
0.693925
0.699863
0.705800
0.711800
0.717800
0.723863
0.730050
0.736363
0.742925
0.749738
0.757175
0.763800
0.841800
0.846425
0.852675
0.858800
0.864800
0.870862
0.876988
0.883112
0.889363
0.895550
0.901863
0.908175
0.914613
0.921113
0.927737
0.934675
0.941613
0.948675
0.956238
0.964175
0.972675
0.981550
0.990237
0.998800
1.007488
1.015175
1.022863
1.030363
1.037988
1.045675
1.053238
1.060925
1.068675
1.076613
1.084488
1.092363
1.100238
1.108362
1.116613
1.125238
1.134550
1.142362
1.150175
1.158050
1.166363
1.174738
1.183113
1.191550
1.199863
1.208363
1.216550
1.225050
1.233362
1.241550
1.249737
1.257738
1.265675
1.273425
1.281050
1.288675
1.296175
1.303488
1.310675
1.317738
1.324613
1.331487
1.338175
1.344800
1.351425
1.357988
1.364488
1.371050
1.377488
1.384050
1.390550
1.397175
1.403863
1.410675
1.417612
1.454050
1.459488
1.466112
1.472738
1.479362
1.486050
1.492738
1.499613
1.506488
1.513488
1.520612
1.527988
1.535488
1.542925
1.550425
1.557988
1.565487
1.572988
1.580425
1.587800
1.595112
1.602488
1.610300
1.617800
1.625363
1.633300
1.752113
1.758675
1.768113
1.776738
1.785550
1.794300
1.803113
1.812113
1.821238
1.830613
1.839988
1.849488
1.858925
1.868425
1.877925
1.887738
1.896863
1.906425
1.915738
1.924862
1.934050
1.943175
1.952487
1.960863
1.967737
1.974675
1.978050
2.071112
2.077675
2.084363
2.091363
2.098550
2.105863
2.113675
2.121363
2.128988
2.136550
2.144175
2.151863
2.159550
2.167362
2.175300
2.183113
2.190987
2.198987
2.207113
2.215238
2.223425
2.231675
2.240613
2.249613
2.256550
2.323363
2.330300
2.338487
2.346988
2.355675
2.364488
2.372987
2.381613
2.390238
2.399300
2.408738
2.467613
2.473800
2.480675
2.488488
2.496488
2.504488
2.512550
2.520550
2.528550
2.536612
2.544550
2.552425
2.560050
2.567487
2.574675
2.581863
2.588988
2.595988
2.602800
2.609612
2.616300
2.622987
2.629612
2.636175
2.642800
2.649363
2.655988
2.662738
2.669550
2.676675
2.684112
2.692112
2.700675
2.808238
2.815738
2.825613
2.834238
2.843363
2.852488
2.862112
2.871863
2.881863
2.891987
2.902363
2.912987
2.923988
2.935363
2.947550
2.960550
2.974363
2.989113
3.005425
3.008800
3.023675
3.037925
3.054925
