0.237437500
0.244062500
0.251187500
0.256437500
0.264250000
0.271937500
0.279812500
0.287750000
0.296000000
0.304187500
0.312375000
0.320625000
0.330062500
0.340187500
0.423750000
0.430312500
0.438375000
0.447250000
0.456187500
0.465312500
0.474625000
0.484125000
0.493875000
0.503562500
0.510812500
0.545625000
0.549312500
0.555000000
0.562375000
0.569500000
0.576625000
0.583750000
0.590937500
0.598250000
0.605500000
0.612687500
0.619875000
0.627312500
0.634875000
0.642375000
0.650375000
0.658187500
0.666125000
0.674187500
0.682500000
0.690937500
0.699625000
0.708562500
0.718187500
0.727812500
0.966125000
0.971000000
0.978062500
0.985250000
0.993187500
1.001187500
1.008812500
1.016562500
1.024375000
1.032312500
1.040375000
1.048812500
1.057500000
1.066062500
1.074750000
1.083375000
1.092187500
1.100937500
1.109750000
1.118687500
1.127687500
1.136750000
1.145875000
1.154937500
1.163937500
1.172875000
1.181750000
1.190625000
1.199375000
1.208187500
1.216875000
1.225500000
1.233812500
1.242062500
1.250562500
1.258687500
1.266750000
1.274812500
1.282750000
1.290500000
1.298625000
1.306875000
1.315437500
1.323687500
1.404375000
1.411250000
1.418437500
1.425500000
1.432875000
1.440500000
1.448500000
1.456875000
1.466312500
1.537875000
1.544375000
1.552687500
1.561687500
1.570062500
1.578562500
1.587000000
1.595125000
1.603812500
1.612500000
1.621562500
1.630250000
1.639250000
1.648125000
1.657437500
1.666500000
1.675750000
1.684875000
1.694500000
1.703625000
1.713062500
1.722312500
1.731812500
1.741312500
1.750750000
1.760125000
1.769812500
1.779437500
1.789062500
1.798562500
1.808500000
1.818187500
1.827937500
1.837562500
1.847000000
1.856250000
1.865812500
1.875187500
1.884750000
2.017562500
2.023250000
2.030750000
2.038250000
2.045812500
2.053812500
2.061625000
2.069625000
2.077812500
2.086062500
2.094562500
2.103437500
2.112500000
2.122562500
2.212500000
2.218687500
2.230125000
2.239500000
2.250500000
2.261187500
2.272437500
2.284312500
2.296750000
2.310187500
2.325187500
2.342562500
2.360125000
2.377250000
2.397562500
2.401875000
2.410250000
2.437375000
