0.268925
0.277300
0.282613
0.289612
0.296613
0.303675
0.310738
0.317925
0.325113
0.332363
0.339863
0.348050
0.357113
0.466363
0.471363
0.478675
0.485988
0.493113
0.500363
0.507675
0.515238
0.522800
0.530488
0.538175
0.545863
0.553550
0.561300
0.568987
0.576863
0.585363
0.594550
0.607113
0.630238
0.641300
0.656675
0.667863
0.676800
0.684488
0.692113
0.699612
0.706612
0.713675
0.720612
0.727550
0.734300
0.741050
0.747738
0.754300
0.760863
0.767238
0.773737
0.780175
0.786613
0.792925
0.799175
0.805362
0.811550
0.817675
0.823863
0.830050
0.836175
0.842300
0.848425
0.854488
0.860550
0.866613
0.872550
0.878550
0.884487
0.890425
0.896363
0.902300
0.908175
0.914112
0.919988
0.925863
0.931800
0.937800
0.943800
0.949863
0.956050
0.962237
0.968550
0.974863
0.981237
0.987738
0.994300
1.000925
1.007925
1.014987
1.022300
1.029050
1.036612
1.042925
1.050050
1.056237
1.062425
1.068738
1.075050
1.081550
1.088113
1.094737
1.101425
1.108050
1.114863
1.121550
1.128238
1.134925
1.141550
1.148175
1.154863
1.161550
1.168363
1.175237
1.182175
1.189050
1.195988
1.202925
1.210112
1.217675
1.225737
1.235550
1.358488
1.362613
1.369175
1.375800
1.382550
1.389300
1.396300
1.403425
1.410675
1.418175
1.425988
1.434175
1.442675
1.451675
1.460925
1.470175
1.479300
1.488300
1.497238
1.507238
1.630488
1.637363
1.646800
1.656800
1.665988
1.675488
1.684800
1.694238
1.703675
1.713113
1.722487
1.731863
1.741113
1.750488
1.759675
1.768738
1.777925
1.786988
1.796113
1.805113
1.814050
1.823050
1.831988
1.840988
1.850238
1.859800
1.869550
1.876300
1.955800
1.961550
1.969550
1.977050
1.984613
1.992113
1.999675
2.007238
2.014925
2.022488
2.030050
2.037488
2.044925
2.052175
2.059487
2.066613
2.073738
2.080800
2.087800
2.094863
2.101925
2.108925
2.115988
2.122987
2.129987
2.136988
2.143988
2.151050
2.158113
2.165175
2.172300
2.179425
2.186612
2.193800
2.201050
2.208425
2.215800
2.223238
2.230800
2.238300
2.245925
2.253550
2.261238
2.268925
2.276613
2.284425
2.292175
2.299863
2.307550
2.316175
2.520113
2.524987
2.531675
2.538362
2.545113
2.551800
2.558675
2.565738
2.572862
2.580050
2.587425
2.594863
2.602425
2.610238
2.618300
2.624862
2.628050
2.758612
2.767238
2.776175
2.784863
2.793675
2.802613
2.811612
2.820613
2.829550
2.838550
2.847675
2.856800
2.866112
2.875425
2.884425
2.893175
2.901675
2.910175
2.918613
2.927113
2.935550
2.943925
2.952237
2.960612
2.969050
2.977488
2.986112
2.994800
3.003550
3.012425
3.021425
3.030488
3.039675
3.049050
3.058550
3.068487
3.078800
3.089738
3.101425
3.114425
3.129363
3.146238
3.165363
3.185613
3.206925
