0.153687500
0.170187500
0.222937500
0.227687500
0.235187500
0.242125000
0.249312500
0.256562500
0.263625000
0.271125000
0.278687500
0.286000000
0.293437500
0.300937500
0.308562500
0.316437500
0.323937500
0.331937500
0.339750000
0.347625000
0.355562500
0.363250000
0.371437500
0.379125000
0.387187500
0.395125000
0.403375000
0.411312500
0.419000000
0.426937500
0.434687500
0.442437500
0.450437500
0.457687500
0.570062500
0.576375000
0.582812500
0.589312500
0.595625000
0.602250000
0.608687500
0.615000000
0.621687500
0.628125000
0.634500000
0.640625000
0.647250000
0.653375000
0.659937500
0.666062500
0.672500000
0.678812500
0.685312500
0.691625000
0.697875000
0.704625000
0.711062500
0.717437500
0.723625000
0.730062500
0.736750000
0.742937500
0.749562500
0.756437500
0.763125000
0.769812500
0.776437500
0.783625000
0.790625000
0.797687500
0.804812500
0.811625000
0.818875000
0.826062500
0.833375000
0.840750000
0.848375000
0.855937500
0.864062500
0.872000000
1.013062500
1.018312500
1.024625000
1.031125000
1.037187500
1.043250000
1.049625000
1.055750000
1.062187500
1.068750000
1.075437500
1.082000000
1.088875000
1.095937500
1.103187500
1.110250000
1.117937500
1.125375000
1.132937500
1.141187500
1.149250000
1.157250000
1.166000000
1.174375000
1.182750000
1.191562500
1.200125000
1.208937500
1.218187500
1.227375000
1.236562500
1.245937500
1.255125000
1.264562500
1.273625000
1.282812500
1.292125000
1.301625000
1.310937500
1.320375000
1.330000000
1.340437500
1.414375000
1.419687500
1.425812500
1.434312500
1.440937500
1.448125000
1.455125000
1.461937500
1.491062500
1.498000000
1.505375000
1.512625000
1.519875000
1.526875000
1.534125000
1.541312500
1.548500000
1.555500000
1.562437500
1.569500000
1.577000000
1.583687500
1.591062500
1.597937500
1.605062500
1.612125000
1.619500000
1.626437500
1.633562500
1.640875000
1.648687500
1.657250000
1.677125000
1.682250000
1.688375000
1.696500000
1.704187500
1.712062500
1.720187500
1.728312500
1.736437500
1.745062500
1.753500000
1.761625000
1.769937500
1.778312500
1.787625000
1.797250000
1.806437500
1.836500000
1.842187500
1.848812500
1.857625000
1.866687500
1.875125000
1.884187500
1.893125000
1.902062500
1.910875000
1.919687500
1.928875000
1.937937500
1.946875000
1.956375000
1.965437500
1.975125000
1.984687500
1.994875000
2.005062500
2.014937500
2.025687500
2.036187500
2.047125000
2.058250000
2.069437500
2.080687500
2.092625000
2.104625000
2.117062500
2.129750000
2.142750000
2.155937500
2.170375000
2.185250000
2.202062500
2.218000000
2.233375000
2.255312500
2.263437500