0.0956716660531095
0.227742069019365
0.239279602463717
0.245531630771163
0.252793440512670
0.261797145401755
0.269379494190835
0.277384364172330
0.285392865206440
0.293420465618144
0.301491547229678
0.309399680680736
0.317670458118861
0.325716510264725
0.333730898356888
0.342034194026163
0.350205787118374
0.358142213588530
0.365952237799268
0.373861378210767
0.381658034434158
0.389523500368877
0.397221506125796
0.405295043862822
0.413099189467078
0.420921803181538
0.428747248353156
0.436770876623121
0.445100124280132
0.454385655562761
0.563943968459303
0.568601625060511
0.576117270952102
0.583085655469988
0.590168628605433
0.597274002680498
0.604314733532967
0.611518473176055
0.618615121058908
0.625677538421500
0.632701544418341
0.639785261802742
0.646851482652636
0.653842047373708
0.660916125586535
0.667795083056801
0.674753086455170
0.681629930418512
0.688547498667435
0.695547775705544
0.702624344066305
0.709578903665052
0.716614109823792
0.723524181821719
0.730423009569444
0.737412324560720
0.744203620601007
0.751194756012633
0.758322609646278
0.765269667798200
0.772288906390435
0.779411207213265
0.786313901718936
0.793252288611262
0.800011444723115
0.807142581782773
0.814200736944842
0.821228118449372
0.828241906595749
0.835256000611297
0.842307122025749
0.849191424988820
0.856249355014581
0.863227181847919
0.870176600215807
0.877309016750432
0.884196024450070
0.891481528705864
0.898382756030926
0.905614842194688
0.912849195540794
0.920047344162108
0.927448616985805
0.934785736888210
0.942293848204687
0.949736733395299
0.956960394157761
0.964531029870170
0.972232743882181
0.979758703423246
0.987435460809822
0.995136037150660
1.00297333066907
1.01062632670034
1.01871174901159
1.02699196721588
1.03542634931038
1.18142842632995
1.18513690660650
1.19145844679423
1.19783641975344
1.20397912742283
1.21049953885046
1.21669180335584
1.22301877942629
1.22956744672547
1.23614587639469
1.24261367466429
1.24953785245048
1.25633776644794
1.26341820372505
1.27049200548462
1.27760886678783
1.28490556655707
1.29215061253268
1.29948913334141
1.30708325030890
1.31455092561846
1.32215660791179
1.32995966862298
1.33776312010874
1.34579679167886
1.35407090856765
1.36243012560576
1.37106854079841
1.37983994251008
1.38878760268733
1.39762687736312
1.40685364530381
1.41594686828636
1.42514278511081
1.43431002535891
1.44352615925585
1.45275609388705
1.46207716269811
1.47145553994796
1.48088445026577
1.49025671713889
1.49969426116223
1.50858080007644
1.51712735452801
1.52561472106548
1.53416236657703
1.54282408682057
1.55162491552984
1.56047866418675
1.56926172375018
1.57817146626438
1.58670046200330
1.59556203961097
1.60439217872265
1.61331712446869
1.62200054955487
1.63096700183983
1.63953934510718
1.64811001855243
1.65661843619297
1.66493561597222
1.67322007059493
1.68144959006143
1.68968594185970
1.69800777309508
1.70627904645151
1.71450995551789
1.72301689154317
1.73162453748176
1.74033302576210
1.74917512694372
1.75813335798126
1.76749037616169
1.77723803027164
1.78732870965843
1.79730423348511
1.80816326369049
1.81900141482030
1.83025396644790
1.84126910786361
1.85260656278864
1.86371621487274
1.87225697081910