0.132375000
0.223625000
0.228375000
0.237250000
0.245687500
0.254125000
0.262937500
0.272000000
0.281375000
0.291000000
0.300000000
0.355687500
0.361312500
0.368937500
0.376750000
0.384562500
0.392250000
0.399937500
0.407562500
0.415000000
0.422375000
0.429750000
0.437062500
0.444312500
0.451500000
0.458750000
0.466000000
0.473312500
0.480687500
0.488125000
0.495625000
0.503312500
0.511125000
0.519187500
0.527375000
0.535750000
0.544250000
0.552875000
0.561625000
0.570437500
0.579187500
0.588062500
0.597125000
0.606187500
0.615312500
0.624750000
0.634312500
0.700812500
0.705625000
0.711750000
0.718000000
0.725125000
0.732812500
0.740687500
0.748562500
0.756437500
0.764250000
0.772062500
0.779937500
0.787500000
0.795500000
0.804375000
0.813312500
0.823187500
0.839062500
0.847500000
0.855187500
0.863250000
0.871437500
0.880000000
0.888312500
0.896625000
0.905437500
0.914375000
0.922625000
0.931000000
0.939250000
0.947437500
0.955625000
0.963750000
0.972187500
0.980500000
0.988937500
0.997312500
1.005812500
1.014312500
1.022812500
1.031375000
1.040000000
1.048562500
1.057375000
1.066375000
1.075312500
1.084312500
1.093250000
1.102187500
1.111062500
1.119750000
1.128375000
1.137000000
1.145812500
1.154875000
1.164250000
1.174062500
1.181625000
1.201000000
1.207625000
1.215562500
1.222937500
1.230312500
1.237625000
1.244937500
1.252187500
1.259375000
1.266562500
1.273750000
1.281062500
1.288062500
1.295562500
1.303125000
1.311187500
1.319250000
1.327687500
1.336500000
1.345750000
1.355312500
1.365375000
1.375562500
1.386312500
1.397437500
1.408437500
1.419875000
1.431312500
1.442812500
1.454812500
1.466875000
1.479625000
1.492625000
1.504437500
1.515875000
1.527125000
1.538500000
1.549812500
1.564687500
1.569687500
1.578625000
1.587687500
1.596375000
1.604937500
1.613437500
1.621750000
1.630000000
1.638937500
1.647500000
1.655875000
1.664687500
1.673562500
1.682812500
1.690750000
1.735875000
1.740500000
1.747812500
1.756250000
1.764750000
1.773562500
1.782562500
1.791687500
1.800875000
1.809937500
1.819125000
1.828250000
1.837562500
1.846875000
1.856875000
1.866687500
1.997750000
2.004687500
2.012125000
2.019812500
2.027937500
2.036562500
2.045875000
2.054562500
2.063937500
2.072812500
2.081937500
2.090750000
2.100687500
2.110875000
2.121687500
2.133812500
2.146437500
2.159750000
2.173937500
2.190062500
2.208812500
2.227375000
2.261687500
2.267437500
2.274312500
2.289875000
2.302375000
2.314437500
