0.034675
0.231425
0.236863
0.242737
0.248425
0.254175
0.260675
0.268488
0.273550
0.358488
0.363613
0.372863
0.381488
0.390175
0.399113
0.407425
0.415863
0.423988
0.431988
0.439863
0.447550
0.455300
0.462925
0.470425
0.477863
0.485363
0.492863
0.500363
0.507800
0.515238
0.522613
0.529988
0.537363
0.544737
0.552050
0.559362
0.566800
0.574675
0.583050
0.591300
0.599113
0.606738
0.613800
0.620925
0.627675
0.635238
0.642175
0.649300
0.656613
0.663863
0.670988
0.677988
0.684925
0.691863
0.698363
0.705425
0.711925
0.718488
0.724988
0.731550
0.738050
0.744550
0.751175
0.757800
0.764425
0.771175
0.777925
0.784613
0.791425
0.798238
0.805362
0.812675
0.820488
0.828363
0.835113
0.842425
0.849675
0.856988
0.921300
0.927613
0.934113
0.940175
0.947050
0.953488
0.960488
0.967738
0.975113
0.982675
0.990237
0.998363
1.004925
1.023488
1.028612
1.034488
1.040925
1.047800
1.055050
1.062425
1.069925
1.077487
1.085050
1.092675
1.100425
1.108175
1.116050
1.123987
1.132050
1.140238
1.148550
1.156863
1.165488
1.174175
1.183237
1.192300
1.201550
1.210925
1.220550
1.230488
1.240675
1.250738
1.261050
1.271488
1.281800
1.292113
1.302050
1.311925
1.321738
1.331363
1.340425
1.349738
1.358800
1.362613
1.375363
1.379300
1.390738
1.394675
1.406113
1.412175
1.422300
1.430613
1.438738
1.446862
1.454925
1.462863
1.470800
1.478988
1.487362
1.496050
1.505550
1.562550
1.569550
1.577363
1.585613
1.593925
1.601988
1.610113
1.618050
1.626050
1.634175
1.637800
1.651550
1.664050
1.677925
1.684738
1.692613
1.699613
1.706300
1.712863
1.720487
1.727613
1.734863
1.742238
1.749737
1.757425
1.765175
1.772863
1.780675
1.788550
1.796488
1.804550
1.812738
1.821112
1.829613
1.838113
1.846737
1.855300
1.863925
1.872737
1.881675
1.890675
1.899550
1.908738
1.918113
1.927550
1.937113
1.946613
1.956175
1.965800
1.975613
1.985425
1.995425
2.005238
2.014925
2.024738
2.034425
2.044050
2.053363
2.062925
2.072238
2.081363
2.090488
2.099800
2.108862
2.117863
2.126737
2.135488
2.144300
2.153113
2.161925
2.170987
2.180050
2.189175
2.198363
2.207737
2.217238
2.226925
2.236925
2.247613
2.258675
2.270738
2.283738
2.297550
2.314113
2.330862
2.345425
2.365425
2.377238
2.393800
2.401550
