0.135125000
0.218937500
0.228312500
0.232625000
0.241125000
0.249562500
0.257437500
0.265875000
0.274062500
0.282437500
0.291000000
0.299750000
0.308562500
0.317437500
0.326500000
0.335812500
0.345000000
0.354250000
0.363375000
0.372375000
0.381312500
0.390187500
0.398812500
0.407250000
0.415562500
0.423312500
0.430875000
0.438437500
0.445875000
0.453437500
0.461312500
0.469062500
0.609500000
0.683062500
0.718625000
0.726937500
0.733250000
0.741312500
0.749062500
0.756687500
0.764687500
0.772562500
0.780625000
0.788625000
0.797000000
0.805250000
0.813687500
0.822250000
0.830937500
0.839625000
0.848312500
0.857000000
0.865750000
0.874312500
0.882812500
0.891187500
0.899437500
0.907562500
0.915625000
0.923562500
0.931500000
0.939312500
0.947125000
0.954812500
0.962500000
0.970187500
0.977937500
0.985687500
0.993625000
1.001687500
1.009937500
1.018375000
1.026937500
1.035687500
1.044625000
1.053812500
1.063250000
1.072875000
1.082687500
1.092500000
1.102187500
1.111875000
1.121500000
1.131312500
1.140687500
1.149812500
1.160312500
1.293687500
1.299000000
1.307500000
1.316125000
1.325062500
1.334375000
1.343937500
1.353812500
1.364062500
1.375000000
1.385687500
1.396812500
1.407625000
1.418625000
1.429312500
1.440062500
1.450625000
1.460750000
1.471375000
1.481562500
1.491875000
1.506250000
1.511000000
1.550812500
1.610875000
1.616312500	
1.620937500
1.628375000
1.632812500
1.639500000
1.653250000
1.659625000
1.671375000
1.678687500
1.688437500
1.696500000
1.705062500
1.713312500
1.721187500
1.730062500
1.739187500
1.749000000
1.818000000
1.837812500
1.842062500
1.850562500
1.859250000
1.867625000
1.876125000
1.884750000
1.894000000
1.904062500
2.028000000
2.036687500
2.043937500
2.052562500
2.060937500
2.069500000
2.078125000
2.087000000
2.095875000
2.104875000
2.113875000
2.122937500
2.132000000
2.141187500
2.150312500
2.159562500
2.168875000
2.178250000
2.187750000
2.197500000
2.207562500
2.219062500
2.225875000
2.236250000
2.244312500
2.253312500
2.262562500
2.271812500
2.281250000
2.290500000
2.299687500
2.308750000
2.317500000
2.326000000
2.448562500
2.455625000
2.463750000
2.471187500
2.479250000
2.487500000
2.495875000
2.504187500
2.513062500
2.522250000
2.531875000
2.542062500
2.553125000
2.565312500
2.578625000
2.593375000
2.611625000
2.634812500
2.656937500
2.678062500
2.713125000
2.719625000
