0.216750000
0.220812500
0.228750000
0.237250000
0.245750000
0.254187500
0.262437500
0.270875000
0.279187500
0.287562500
0.295687500
0.304187500
0.312000000
0.319625000
0.327250000
0.334562500
0.341812500
0.349125000
0.356375000
0.363250000
0.370187500
0.376687500
0.383437500
0.389937500
0.396312500
0.402812500
0.409750000
0.417250000
0.424625000
0.431812500
0.439187500
0.446250000
0.453375000
0.460687500
0.468062500
0.475625000
0.483437500
0.490875000
0.498937500
0.505625000
0.511937500
0.549125000
0.554437500
0.560750000
0.567375000
0.573875000
0.580500000
0.587312500
0.594062500
0.600687500
0.607437500
0.614187500
0.621062500
0.627750000
0.634562500
0.641375000
0.648500000
0.655375000
0.662500000
0.669875000
0.677875000
0.810375000
0.814062500
0.820312500
0.826812500
0.833312500
0.839937500
0.846437500
0.853062500
0.859937500
0.866687500
0.873500000
0.880500000
0.887312500
0.894312500
0.901562500
0.908750000
0.915937500
0.923375000
0.930750000
0.938562500
0.946625000
0.954750000
0.963187500
0.971562500
0.979937500
0.988562500
0.997062500
1.005687500
1.014187500
1.022687500
1.031250000
1.040125000
1.048937500
1.058062500
1.067250000
1.076750000
1.084312500	
1.207625000
1.213437500
1.219812500
1.225812500
1.232250000
1.238937500
1.245437500
1.251937500
1.258562500
1.265250000
1.271875000
1.278625000
1.285250000
1.292062500
1.299062500
1.305875000
1.312875000
1.320125000
1.327125000
1.334500000
1.341750000
1.349125000
1.356312500
1.363562500
1.370687500
1.378000000
1.385250000
1.392625000
1.399937500
1.407625000
1.415312500
1.423125000
1.430937500
1.439062500
1.446875000
1.454875000
1.463125000
1.471125000
1.479437500
1.487687500
1.496125000
1.504312500
1.513187500
1.521812500
1.530625000
1.539625000
1.548437500
1.557500000
1.566562500
1.575375000
1.584062500
1.592812500
1.601312500
1.609937500
1.618437500
1.627312500
1.636000000
1.644812500
1.653750000
1.662812500
1.672000000
1.681187500
1.690312500
1.699187500
1.708312500
1.717312500
1.726187500
1.735125000
1.743875000
1.752937500
1.761687500
1.770750000
1.779437500
1.788250000
1.797062500
1.805812500
1.814625000
1.823437500
1.831937500
1.840750000
1.849250000
1.857687500
1.865937500
1.874437500
1.882625000
1.891062500
1.899625000
1.908000000
1.916687500
1.925062500
1.933750000
1.942375000
1.951187500
1.959875000
1.968687500
1.977562500
1.986500000
1.995750000
2.005250000
2.015500000
2.025250000
2.034312500
2.043875000
2.053062500
2.063187500
2.072812500
2.083437500
2.093812500
2.103375000
2.114000000
2.122250000
2.140562500
2.149375000
2.182125000
2.189687500
2.199437500
2.207875000
2.230875000
