0.238425
0.244425
0.251738
0.259238
0.266175
0.273175
0.280300
0.287488
0.294738
0.301988
0.309488
0.317238
0.326050
0.394863
0.400800
0.408050
0.414988
0.422050
0.429113
0.436238
0.443363
0.450988
0.458488
0.466550
0.474925
0.483175
0.617175
0.622675
0.628925
0.635112
0.641300
0.647363
0.653488
0.659613
0.665737
0.671925
0.678113
0.684300
0.690550
0.696800
0.702987
0.709113
0.715237
0.721425
0.727613
0.733800
0.740113
0.746487
0.752925
0.759487
0.766112
0.772925
0.779863
0.786925
0.794175
0.801550
0.809113
0.816800
0.824488
0.832300
0.839988
0.847738
0.855550
0.863300
0.870988
0.878800
0.886675
0.894613
0.902550
0.910425
0.918362
0.926362
0.934300
0.941987
0.949800
0.957612
0.965363
0.973050
0.980738
0.988300
0.995862
1.003300
1.010675
1.017988
1.025175
1.032175
1.039113
1.045988
1.052738
1.059487
1.066113
1.072738
1.079363
1.085988
1.092613
1.099300
1.105988
1.112737
1.119488
1.126238
1.133050
1.139987
1.147113
1.154675
1.162675
1.344737
1.367613
1.373113
1.378613
1.384488
1.390488
1.396488
1.402613
1.408800
1.415113
1.421550
1.428050
1.434675
1.441425
1.448300
1.455300
1.462550
1.469925
1.477488
1.485362
1.493300
1.501550
1.509800
1.518175
1.526675
1.535238
1.543862
1.552550
1.561238
1.570050
1.578800
1.587675
1.596613
1.605425
1.614238
1.623175
1.631925
1.640613
1.649363
1.657987
1.666550
1.675237
1.683988
1.692738
1.701613
1.710550
1.719425
1.728300
1.737113
1.745988
1.754863
1.763675
1.772550
1.781300
1.789925
1.798550
1.807238
1.815988
1.824800
1.833613
1.842300
1.851050
1.859738
1.868425
1.876988
1.885363
1.893550
1.901675
1.909863
1.917988
1.926113
1.934300
1.942425
1.950487
1.958550
1.966675
1.974863
1.983050
1.991300
1.999613
2.007988
2.016612
2.025300
2.034300
2.043363
2.052738
2.062362
2.072238
2.082425
2.093113
2.104112
2.115550
2.127675
2.140487
2.153987
2.168050
2.182675
2.197050
2.212550
2.236800
2.243488
