0.108312500
0.220625000
0.230750000
0.239562500
0.247937500
0.256437500
0.264250000
0.272500000
0.280250000
0.288312500
0.296062500
0.304000000
0.311750000
0.319500000
0.327375000
0.335312500
0.343187500
0.351125000
0.358937500
0.366625000
0.374312500
0.381937500
0.389562500
0.396875000
0.403937500
0.411000000
0.418125000
0.425250000
0.432500000
0.439812500
0.447000000
0.454250000
0.461500000
0.468625000
0.475812500
0.483000000
0.490187500
0.497375000
0.504500000
0.511625000
0.518812500
0.526125000
0.533750000
0.541437500
0.549250000
0.557125000
0.565312500
0.573687500
0.581437500
0.589812500
0.596687500
0.653625000
0.660125000
0.667312500
0.674687500
0.682062500
0.689437500
0.696875000
0.704375000
0.711812500
0.719375000
0.726937500
0.734500000
0.742125000
0.749875000
0.757687500
0.765625000
0.773750000
0.782187500
0.790812500
0.799937500
0.809562500
0.818562500
0.827687500
0.835687500
0.843687500
0.851375000
0.858937500
0.866812500
0.874937500
0.882937500
0.891000000
0.899000000
0.907000000
0.914937500
0.922812500
0.930625000
0.938312500
0.946250000
0.954437500
0.963250000
0.973125000
1.044375000
1.051750000
1.059500000
1.067375000
1.075125000
1.082562500
1.090000000
1.097500000
1.105250000
1.113187500
1.121062500
1.129187500
1.137437500
1.145687500
1.153937500
1.162125000
1.170437500
1.178875000
1.187375000
1.195937500
1.204437500
1.212937500
1.221500000
1.230125000
1.238812500
1.247562500
1.256437500
1.265312500
1.274187500
1.283187500
1.292187500
1.301125000
1.310187500
1.319062500
1.328312500
1.337187500
1.345875000
1.354562500
1.362500000
1.371125000
1.380250000
1.389562500
1.399562500
1.419437500
1.425062500
1.430812500
1.437625000
1.444937500
1.452500000
1.462125000
1.471375000
1.480562500
1.489812500
1.499125000
1.508750000
1.518125000
1.527500000
1.535812500
1.660937500
1.669937500
1.677562500
1.834187500
1.840812500
1.847875000
1.855000000
1.862437500
1.870312500
1.877937500
1.885437500
1.892937500
1.900562500
1.908312500
1.916312500
1.924562500
1.933062500
1.941875000
1.950875000
1.960187500
1.969750000
1.979437500
1.989437500
1.999375000
2.009562500
2.019687500
2.030000000
2.040375000
2.050750000
2.061187500
2.071437500
2.081812500
2.092312500
2.102562500
2.113000000
2.123500000
2.134000000
2.144562500
2.155250000
2.165750000
2.176375000
2.186750000
2.196937500
2.206875000
2.216750000
2.226562500
2.236187500
2.245687500
2.255312500
2.264812500
2.274437500
2.284062500
2.293500000
2.302875000
2.312062500
2.321312500
2.330625000
2.340000000
2.349437500
2.359062500
2.368687500
2.378250000
2.387750000
2.397187500
2.406687500
2.416250000
2.426000000
2.435875000
2.445875000
2.456250000
2.467250000
2.478687500
2.491187500
2.504562500
2.520500000
2.538875000
2.560062500
2.569312500
2.607500000
