0.198875000
0.202250000
0.230625000
0.237000000
0.244625000
0.251812500
0.259750000
0.267812500
0.274250000
0.288250000
0.296437500
0.305687500
0.314562500
0.323500000
0.332187500
0.339375000
0.346000000
0.353187500
0.360125000
0.367187500
0.373812500
0.380250000
0.386562500
0.392812500
0.399000000
0.405000000
0.411125000
0.417437500
0.423812500
0.430250000
0.437187500
0.444375000
0.574187500
0.580125000
0.586687500
0.592500000
0.598937500
0.605187500
0.611875000
0.618312500
0.625062500
0.631687500
0.638875000
0.646062500
0.653437500
0.660812500
0.668375000
0.676062500
0.683750000
0.691562500
0.699375000
0.707187500
0.714937500
0.722750000
0.730562500
0.738625000
0.747250000
0.756437500
0.765687500
0.774687500
0.782187500
0.790062500
0.797875000
0.805812500
0.813937500
0.822187500
0.830437500
0.838750000
0.847312500
0.856000000
0.864812500
0.873625000
0.882375000
0.891250000
0.900250000
0.909062500
0.917937500
0.926750000
0.935562500
0.944500000
0.953375000
0.962125000
0.970750000
0.979250000
0.987500000
0.995687500
1.003750000
1.011812500
1.019687500
1.027562500
1.035375000
1.043187500
1.050937500
1.058500000
1.065750000
1.074437500
1.082437500
1.090687500
1.197375000
1.214312500
1.221437500
1.228375000
1.235500000
1.242937500
1.250312500
1.258000000
1.266062500
1.281875000
1.290250000
1.298312500
1.306562500
1.315250000
1.324000000
1.332750000
1.341687500
1.350312500
1.357812500
1.480750000
1.484812500
1.490062500
1.496937500
1.503937500
1.511687500
1.519625000
1.527625000
1.535687500
1.543812500
1.552062500
1.560375000
1.568687500
1.577062500
1.585562500
1.593937500
1.602500000
1.611125000
1.619812500
1.628625000
1.637500000
1.646375000
1.655562500
1.664687500
1.673812500
1.682812500
1.691812500
1.700875000
1.709812500
1.718812500
1.727812500
1.736937500
1.745937500
1.755062500
1.764250000
1.773312500
1.782437500
1.791625000
1.800625000
1.809562500
1.818375000
1.827187500
1.835937500
1.844687500
1.853500000
1.862562500
1.871500000
1.880437500
1.889687500
1.898937500
1.908437500
1.918000000
1.927875000
1.937625000
1.947625000
1.957750000
1.968062500
1.978250000
1.988562500
1.999125000
2.009562500
2.020375000
2.135062500
2.141750000
2.153375000
2.162750000
2.172812500
2.181875000
2.191187500
2.201375000
2.212687500
2.223500000
2.232250000
2.240187500
2.272875000
2.279125000
2.287187500
2.297812500
2.307500000
2.317500000
2.327500000
2.337000000
2.346125000
2.354812500
2.363250000
2.371625000
2.380125000
2.388812500
2.397500000
2.406187500
2.414812500
2.423625000
2.432875000
2.442437500
2.452312500
2.463625000
2.476312500
2.489125000
2.500500000
2.512562500
2.524250000
2.534812500
2.544625000
2.553562500
2.562937500
2.572187500
2.581562500
2.590937500
2.600375000
2.610062500
2.619937500
2.630875000
2.642750000
2.659875000
2.681687500
2.701187500
2.715937500
2.727937500
2.738187500
2.748250000
2.757875000
2.767375000
2.777062500
2.786750000
2.796562500
2.806562500
2.816687500
2.827000000
2.837562500
2.848937500
2.861000000
2.873750000
2.887000000
2.901812500
2.932375000
