0.118363
0.228175
0.234800
0.243612
0.251675
0.260050
0.268613
0.277363
0.286613
0.296050
0.305925
0.387488
0.392050
0.399300
0.407113
0.414800
0.422425
0.429925
0.437363
0.444550
0.451675
0.458675
0.465488
0.472175
0.478800
0.485363
0.491863
0.498363
0.504738
0.511050
0.517300
0.523425
0.529238
0.534988
0.540925
0.546737
0.552613
0.558550
0.564425
0.570362
0.576238
0.582175
0.588050
0.593925
0.599863
0.605738
0.611738
0.617738
0.623862
0.629988
0.636175
0.642487
0.649363
0.656800
0.662550
0.750738
0.756675
0.764363
0.771988
0.779488
0.786988
0.794488
0.801925
0.809550
0.817175
0.824863
0.832550
0.840363
0.848113
0.855738
0.863300
0.870613
0.877738
0.884675
0.891675
0.898487
0.905300
0.912050
0.918800
0.925425
0.932113
0.938800
0.945425
0.952113
0.958863
0.965675
0.972488
0.979425
0.986488
0.993675
1.001050
1.008488
1.016175
1.024175
1.032300
1.040550
1.048800
1.057300
1.065988
1.074800
1.083925
1.092925
1.102050
1.111112
1.120175
1.129175
1.138113
1.146988
1.155863
1.164675
1.173425
1.182300
1.191175
1.200112
1.208925
1.217737
1.226613
1.235550
1.244488
1.253300
1.262050
1.270800
1.279488
1.288113
1.296675
1.305238
1.313800
1.322363
1.330925
1.339487
1.348113
1.357363
1.366925
1.510612
1.518925
1.527175
1.535613
1.544050
1.552675
1.561175
1.569988
1.579175
1.585738
1.707050
1.713113
1.719363
1.725613
1.731988
1.738550
1.745300
1.752175
1.759113
1.766050
1.773113
1.780300
1.787675
1.795050
1.802550
1.810363
1.818363
1.826550
1.835112
1.843925
1.853425
1.863550
1.874300
1.885488
1.897925
1.910988
1.924675
1.937613
1.949738
1.964238
