0.085562500
0.214562500
0.220937500
0.236625000
0.243500000
0.252312500
0.259687500
0.267375000
0.274875000
0.282437500
0.289937500
0.297500000
0.304625000
0.311812500
0.318937500
0.326187500
0.333062500
0.339750000
0.346500000
0.353000000
0.368500000
0.373437500
0.392812500
0.398625000
0.406500000
0.412437500
0.418875000
0.425500000
0.431875000
0.438187500
0.444437500
0.450750000
0.457187500
0.463687500
0.470375000
0.477000000
0.484062500
0.490875000
0.497937500
0.505312500
0.512750000
0.520375000
0.528125000
0.535750000
0.543375000
0.550687500
0.557875000
0.565312500
0.572750000
0.635125000
0.641500000
0.648375000
0.655312500
0.662250000
0.669062500
0.676312500
0.683562500
0.690750000
0.698187500
0.705375000
0.713312500
0.720750000
0.729687500
0.736500000
0.745062500
0.753062500
0.761062500
0.769062500
0.776750000
0.784500000
0.792312500
0.800000000
0.807562500
0.815250000
0.822875000
0.830625000
0.838187500
0.846000000
0.853562500
0.861125000
0.868687500
0.876250000
0.883875000
0.891750000
0.900000000
0.908250000
0.916375000
0.924250000
0.932062500
0.939937500
0.948312500
0.957000000
0.966250000
0.973250000
0.989750000
0.997750000
1.005562500
1.013687500
1.021750000
1.029687500
1.037937500
1.046375000
1.055062500
1.063937500
1.072750000
1.081562500
1.090687500
1.101125000
1.193000000
1.200125000
1.209062500
1.218687500
1.228937500
1.239687500
1.249875000
1.258875000
1.268062500
1.277187500
1.286187500
1.294937500
1.303687500
1.312375000
1.321062500
1.329687500
1.338375000
1.347187500
1.355937500
1.364562500
1.373125000
1.381625000
1.390250000
1.398812500
1.407312500
1.415937500
1.424250000
1.433187500
1.441562500
1.450875000
1.459250000
1.468687500
1.476812500
1.485687500
1.494312500
1.502312500
1.510375000
1.518562500
1.526625000
1.534812500
1.543062500
1.551562500
1.561687500
1.571125000
1.578937500
1.587187500
1.594875000
1.602812500
1.610812500
1.618875000
1.627062500
1.635250000
1.643625000
1.652062500
1.660562500
1.668812500
1.677750000
1.808625000
1.816250000
1.824562500
1.833187500
1.842062500
1.850687500
1.859437500
1.868250000
1.877000000
1.885875000
1.894687500
1.903500000
1.912187500
1.921000000
1.929812500
1.940062500
2.038625000
2.046437500
2.055250000
2.064312500
2.072937500
2.081312500
2.089937500
2.098562500
2.107000000
2.115687500
2.124250000
2.132750000
2.141437500
2.150000000
2.158687500
2.167375000
2.176250000
2.185312500
2.195562500
2.305875000
2.315250000
2.328750000
2.336562500
2.351250000
2.358625000
2.371437500
2.382125000
2.393125000
2.403937500
2.422687500
2.432625000
