0.310363
0.316675
0.324238
0.331175
0.338175
0.345113
0.351988
0.358800
0.365675
0.372613
0.380113
0.472925
0.477300
0.483488
0.489613
0.495175
0.501425
0.507300
0.513363
0.519425
0.525425
0.531488
0.537613
0.543925
0.550550
0.557488
0.564613
0.572050
0.579238
0.588863
0.594113
0.605050
0.610862
0.621175
0.626800
0.636112
0.642425
0.650800
0.658050
0.665300
0.672425
0.679613
0.686738
0.694050
0.701238
0.708612
0.716050
0.723488
0.730925
0.738488
0.745925
0.753425
0.760863
0.768175
0.775488
0.782800
0.790362
0.798675
0.888738
0.895675
0.903175
0.910737
0.918238
0.925800
0.933550
0.941175
0.948863
0.956738
0.964488
0.972237
0.980113
0.988425
0.996925
1.005738
1.014550
1.023113
1.031238
1.038738
1.046363
1.053925
1.061550
1.069113
1.076738
1.084488
1.092300
1.100113
1.107925
1.115675
1.123488
1.131300
1.139050
1.146863
1.154738
1.162550
1.170425
1.178300
1.186363
1.194613
1.203550
1.213175
1.222425
1.229863
1.237425
1.245238
1.253300
1.261488
1.269675
1.277925
1.286300
1.294738
1.303113
1.311550
1.319862
1.327988
1.335925
1.343800
1.351550
1.359363
1.367050
1.374675
1.382238
1.389675
1.396925
1.403987
1.410988
1.417675
1.424238
1.430675
1.437425
1.444300
1.450238
1.456738
1.586363
1.597800
1.604113
1.610550
1.617925
1.625363
1.632863
1.640362
1.647863
1.655363
1.662800
1.670238
1.677488
1.684675
1.691738
1.698738
1.705675
1.712675
1.719613
1.726425
1.733113
1.739863
1.746613
1.753300
1.759988
1.766675
1.773238
1.779863
1.786300
1.792738
1.799175
1.805675
1.812237
1.818925
1.825613
1.832238
1.838800
1.845363
1.852113
1.858863
1.865550
1.872238
1.878925
1.885675
1.892488
1.899425
1.906488
1.913550
1.920738
1.927988
1.935300
1.942675
1.950175
1.957675
1.965300
1.972988
1.980738
1.988550
1.996238
2.003800
2.011675
2.019675
2.028237
2.038050
2.133363
2.141175
2.149113
2.157363
2.165425
2.173425
2.181550
2.189738
2.198113
2.206550
2.214987
2.223800
2.232425
2.241050
2.249800
2.258488
2.267238
2.276050
2.284988
2.294300
2.302675
2.311488
2.319175
2.328613
2.333613
2.341050
2.349050
2.356863
2.364863
2.372925
2.381113
2.389238
2.397238
2.405238
2.413113
2.420987
2.428925
2.436800
2.444675
2.452488
2.460300
2.468050
2.475675
2.483300
2.490988
2.498613
2.506362
2.514175
2.521987
2.529800
2.537550
2.545300
2.553050
2.560738
2.568425
2.576112
2.583800
2.591550
2.599238
2.607050
2.614988
2.623050
2.631238
2.639675
2.648238
2.656988
2.665862
2.674863
2.684050
2.693113
2.701988
2.710675
2.719362
2.728238
2.738237
2.810237
2.815175
2.823925
2.832988
2.842175
2.852550
2.862112
2.871800
2.881362
2.887925
2.942738
2.948050
2.956175
2.964800
2.973238
2.981675
2.990238
2.998863
3.007613
3.016488
3.025300
3.034050
3.042737
3.051300
3.059800
3.068175
3.076487
3.084800
3.093113
3.101425
3.109738
3.118113
3.126362
3.134738
3.143050
3.151488
3.159863
3.168363
3.176925
3.185613
3.194363
3.203300
3.212425
3.221988
3.231863
3.242050
3.252800
3.264175
3.276362
3.289613
3.303925
3.318925
3.334800
3.350550
3.365800
3.380987
3.403800
3.410487
