0.014375
0.217875
0.223563
0.231750
0.240250
0.248500
0.256750
0.265062
0.273438
0.281813
0.290625
0.299375
0.308188
0.317063
0.325813
0.334500
0.343000
0.351375
0.359750
0.367937
0.376063
0.383875
0.391500
0.399062
0.406313
0.413375
0.420312
0.427500
0.435312
0.443750
0.534813
0.540125
0.547188
0.553688
0.560500
0.567625
0.575187
0.583125
0.733187
0.738250
0.744500
0.750938
0.757313
0.763750
0.770375
0.777000
0.783875
0.790875
0.798188
0.807312
0.895125
0.901500
0.909875
0.918063
0.926312
0.934625
0.943125
0.952000
0.960812
0.969812
0.979000
0.988313
0.997687
1.007438
1.017187
1.027125
1.036938
1.046563
1.056188
1.065750
1.075375
1.085063
1.095563
1.105563
1.125250
1.131563
1.138937
1.148063
1.156688
1.164750
1.172063
1.261438
1.268250
1.276063
1.284063
1.292375
1.301000
1.310125
1.318625
1.327188
1.335813
1.344500
1.353375
1.362438
1.371625
1.380937
1.390125
1.399250
1.408187
1.417125
1.425812
1.434625
1.443250
1.452438
1.462687
1.532688
1.537938
1.545000
1.553187
1.561563
1.569938
1.578250
1.586500
1.594688
1.602813
1.610937
1.618937
1.627000
1.635000
1.642937
1.650813
1.658625
1.666375
1.674063
1.681688
1.689250
1.696813
1.704438
1.712063
1.719813
1.727688
1.735562
1.743562
1.751688
1.759875
1.768313
1.776875
1.785562
1.794313
1.803000
1.811687
1.820500
1.829375
1.839188
1.849250
2.043125
2.066625
2.072437
2.079188
2.086562
2.094000
2.101375
2.108750
2.116125
2.123500
2.130937
2.138438
2.146000
2.153500
2.161250
2.169375
2.178437
2.289813
2.294750
2.304562
2.313438
2.323000
2.332813
2.343062
2.353063
2.363500
2.374250
2.385312
2.396625
2.407875
2.419313
2.430750
2.441937
2.452188
2.462438
2.473063
2.482500
2.526000
2.531687
2.541062
2.550562
2.559875
2.569563
2.578500
2.587438
2.596250
2.605062
2.614063
2.623063
2.632063
2.641062
2.650125
2.659187
2.668312
2.677500
2.686875
2.696312
2.706000
2.715875
2.725938
2.736312
2.747187
2.758437
2.770313
2.782938
2.796750
2.812438
2.829875
2.848625
2.868187
2.886125
2.903375
2.920625
