0.251062500
0.257000000
0.269812500
0.275250000
0.282312500
0.289187500
0.295937500
0.302937500
0.309937500
0.316875000
0.323812500
0.330812500
0.337812500
0.344812500
0.351812500
0.358750000
0.365687500
0.372500000
0.379312500
0.386250000
0.393125000
0.400000000
0.406875000
0.413687500
0.420625000
0.427500000
0.434375000
0.441250000
0.448062500
0.454937500
0.461750000
0.468500000
0.475375000
0.482187500
0.489062500
0.496000000
0.502937500
0.510000000
0.517437500
0.525562500
0.551312500
0.557187500
0.563937500
0.571125000
0.578250000
0.585375000
0.592500000
0.599750000
0.607062500
0.614437500
0.622062500
0.629937500
0.638250000
0.646875000
0.655437500
0.796687500
0.802437500
0.808500000
0.814562500
0.820687500
0.826937500
0.833125000
0.839500000
0.846000000
0.852625000
0.859375000
0.866312500
0.873562500
0.881312500
0.889312500
0.898062500
0.906937500
0.916062500
0.925500000
0.935187500
0.945187500
0.955187500
0.965250000
0.975812500
0.988312500
1.002062500
1.007187500
1.014062500
1.038562500
1.044750000
1.065500000
1.071750000
1.083937500
1.088312500
1.094437500
1.104937500
1.114312500
1.123875000
1.133125000
1.142437500
1.151687500
1.160750000
1.169812500
1.178937500
1.188187500
1.197375000
1.206625000
1.216000000
1.225875000
1.235375000
1.244187500
1.252687500
1.261125000
1.269687500
1.278000000
1.286250000
1.294687500
1.303062500
1.311500000
1.319875000
1.328187500
1.336625000
1.345125000
1.353562500
1.361875000
1.370125000
1.378125000
1.386062500
1.394937500
1.403562500
1.549250000
1.560750000
1.565875000
1.574125000
1.582625000
1.592125000
1.600500000
1.611312500
1.618625000
1.629812500
1.638375000
1.650937500
1.657000000
1.670125000
1.676562500
1.690937500
1.695875000
1.703812500
1.717687500
1.722687500
1.731312500
1.747000000
1.753937500
1.771750000
1.780750000
1.800125000
1.815937500
1.832875000
1.850812500
1.872062500
1.879500000
1.908875000
