0.152687500
0.183250000
0.214500000
0.229500000
0.234625000
0.241875000
0.249812500
0.257562500
0.265062500
0.272750000
0.280750000
0.288750000
0.297062500
0.305750000
0.393562500
0.400187500
0.408250000
0.416562500
0.424375000
0.432687500
0.441125000
0.449625000
0.457875000
0.466062500
0.474312500
0.482625000
0.490875000
0.499312500
0.507750000
0.516312500
0.524625000
0.533062500
0.541312500
0.549625000
0.557812500
0.565750000
0.573687500
0.581437500
0.588937500
0.596562500
0.603937500
0.611125000
0.618250000
0.625437500
0.633000000
0.640312500
0.647500000
0.654562500
0.661437500
0.668062500
0.674750000
0.681375000
0.687937500
0.694500000
0.701125000
0.707687500
0.714312500
0.721062500
0.727875000
0.734687500
0.741375000
0.748187500
0.755000000
0.762000000
0.768937500
0.775937500
0.783187500
0.790375000
0.797562500
0.804750000
0.811812500
0.819187500
0.826375000
0.833875000
0.841125000
0.848437500
0.855687500
0.862875000
0.869937500
0.877062500
0.884187500
0.891312500
0.898562500
0.905750000
0.912875000
0.920187500
0.927562500
0.935250000
0.943312500
0.951312500
0.959125000
0.966875000
0.974375000
0.981937500
0.989500000
0.997250000
1.005000000
1.012875000
1.020937500
1.029125000
1.037750000
1.047500000
1.056562500
1.086312500
1.092812500
1.100437500
1.108562500
1.116812500
1.125625000
1.287187500
1.291437500
1.298562500
1.305062500
1.311812500
1.318750000
1.325375000
1.332187500
1.339000000
1.346062500
1.352937500
1.359812500
1.366437500
1.373375000
1.380250000
1.387187500
1.394250000
1.401625000
1.408750000
1.416125000
1.424000000
1.432375000
1.441875000
1.449750000
1.455187500
1.460812500
1.467125000
1.474875000
1.483187500
1.491437500
1.499875000
1.508250000
1.516937500
1.525687500
1.534437500
1.543250000
1.552125000
1.560937500
1.569875000
1.578687500
1.587625000
1.596562500
1.605750000
1.614625000
1.623625000
1.632687500
1.641562500
1.650562500
1.659375000
1.668437500
1.677437500
1.686312500
1.695187500
1.704250000
1.713250000
1.722250000
1.731250000
1.740062500
1.749000000
1.758250000
1.767375000
1.776250000
1.785125000
1.794000000
1.802937500
1.811562500
1.820250000
1.828687500
1.837125000
1.845625000
1.854000000
1.862437500
1.870812500
1.879187500
1.887562500
1.895875000
1.904312500
1.912812500
1.921375000
1.930000000
1.938750000
1.947375000
1.956250000
1.965125000
1.974125000
1.983250000
1.992500000
2.001812500
2.011250000
2.020625000
2.030125000
2.039687500
2.049125000
2.058250000
2.067625000
2.077000000
2.086625000
2.096375000
2.106250000
2.116062500
2.126062500
2.136062500
2.145750000
2.156000000
2.278812500
2.285750000
2.296875000
2.305000000
2.314312500
2.323062500
2.332062500
2.340875000
2.349625000
2.358437500
2.367125000
2.375687500
2.384187500
2.392875000
2.401500000
2.410062500
2.418562500
2.427000000
2.435437500
2.443937500
2.452375000
2.460875000
2.469250000
2.477625000
2.485937500
2.494312500
2.502625000
2.510937500
2.519187500
2.527312500
2.536125000
2.545125000
2.555500000
2.577812500
2.585687500
2.592125000
2.613062500
2.619937500
2.624625000
2.631000000
2.637875000
2.646375000
2.655312500
2.664187500
2.673187500
2.682312500
2.691375000
2.700625000
2.709625000
2.718750000
2.728000000
2.737375000
2.746562500
2.755437500
2.764750000
2.773937500
2.783062500
2.792375000
2.801500000
2.810687500
2.819875000
2.829125000
2.838250000
2.847500000
2.856687500
2.865875000
2.874937500
2.883937500
2.892875000
2.901812500
2.910875000
2.919875000
2.929000000
2.938125000
2.947187500
2.956312500
2.965562500
2.974812500
2.984125000
2.993250000
3.002812500
3.012125000
3.021750000
3.031312500
3.041125000
3.050875000
3.060687500
3.070750000
3.080937500
3.091187500
3.101250000
3.111812500
3.122437500
3.132500000
3.143312500
3.153500000
3.164687500
3.175312500
3.186437500
3.198062500
3.213000000
