0.328875
0.496250
0.503125
0.510375
0.516813
0.525188
0.533125
0.541063
0.549000
0.556875
0.564813
0.572812
0.580812
0.588625
0.596313
0.603938
0.611313
0.618687
0.625875
0.633062
0.640125
0.647125
0.654125
0.661063
0.667875
0.674750
0.681562
0.688438
0.695313
0.702375
0.709688
0.717000
0.724375
0.731875
0.739375
0.746812
0.754437
0.762188
0.770000
0.777937
0.786000
0.794125
0.802188
0.810312
0.818187
0.825875
0.833625
0.841437
0.849437
0.857500
0.865437
0.873563
0.881437
0.889375
0.897312
0.905813
0.915063
0.976063
0.982563
0.989938
0.997500
1.005125
1.012750
1.020438
1.028125
1.035875
1.043688
1.051563
1.059563
1.067687
1.075938
1.084750
1.150625
1.156938
1.164625
1.172438
1.180250
1.188375
1.196687
1.205125
1.213437
1.221625
1.229688
1.237813
1.245750
1.253562
1.261375
1.269000
1.276688
1.284313
1.291938
1.299625
1.307313
1.315188
1.323312
1.331687
1.340937
1.429125
1.436438
1.444438
1.452687
1.460438
1.468312
1.476375
1.484625
1.493000
1.501562
1.510312
1.519187
1.528313
1.537625
1.547250
1.557250
1.567375
1.577687
1.588375
1.599063
1.609938
1.620875
1.631688
1.642438
1.652937
1.663125
1.673000
1.682687
1.691688
1.776437
1.783813
1.792437
1.801375
1.810938
1.820625
1.829625
1.839375
1.848875
1.858875
1.948000
1.953250
1.960375
1.967937
1.975688
1.983188
1.990813
1.998438
2.006187
2.014187
2.022625
2.031625
2.111250
2.116938
2.125125
2.133250
2.141625
2.150063
2.158375
2.166688
2.175063
2.183750
2.192938
2.202500
2.299000
2.304875
2.314687
2.323125
2.332562
2.342312
2.352125
2.362250
2.372500
2.382687
2.392937
2.403313
2.413125
2.422938
2.431687
2.440437
2.449562
2.540000
2.544938
2.553812
2.566500
2.572750
2.582750
2.593250
2.603625
2.613375
2.623438
2.633375
2.643250
2.652938
2.662750
2.672063
2.681875
2.691500
2.701062
2.710563
2.720063
2.729563
2.738938
2.748125
2.757188
2.766125
2.774875
2.783750
2.792813
2.802000
2.811688
2.821375
2.831188
2.841188
2.851375
2.861813
2.872438
2.882813
2.898000
2.916812
