0.043875000
0.235937500
0.242625000
0.249812500
0.257812500
0.265125000
0.272625000
0.279625000
0.286750000
0.293750000
0.300625000
0.307437500
0.314250000
0.321125000
0.327812500
0.334625000
0.341437500
0.348312500
0.355312500
0.362312500
0.369375000
0.376625000
0.383875000
0.391312500
0.398937500
0.406750000
0.414750000
0.423000000
0.431312500
0.440125000
0.449187500
0.458562500
0.468187500
0.478000000
0.487750000
0.497500000
0.507312500
0.516562500
0.526562500
0.536937500
0.548000000
0.606250000
0.613125000
0.622250000
0.631625000
0.641062500
0.650062500
0.659125000
0.668250000
0.677375000
0.686312500
0.695437500
0.704500000
0.713562500
0.722750000
0.732062500
0.741312500
0.750625000
0.759937500
0.768937500
0.777875000
0.787062500
0.795750000
0.804750000
0.813187500
0.821625000
0.829875000
0.838000000
0.846000000
0.854000000
0.861875000
0.869500000
0.878937500
0.887125000
0.895687500
0.902437500
0.909875000
0.917312500
0.924812500
0.932250000
0.939750000
0.947062500
0.954625000
0.961937500
0.969125000
0.976562500
0.984187500
0.992187500
0.996625000
1.113562500
1.119187500
1.126250000
1.133562500
1.141250000
1.148812500
1.156250000
1.163937500
1.171687500
1.179437500
1.187250000
1.195125000
1.203062500
1.210875000
1.218937500
1.226875000
1.234937500
1.243062500
1.251062500
1.259187500
1.267187500
1.275187500
1.283187500
1.291250000
1.299562500
1.308562500
1.375250000
1.383000000
1.391125000
1.398812500
1.406750000
1.414750000
1.422750000
1.430750000
1.438687500
1.446500000
1.454500000
1.462312500
1.470562500
1.478687500
1.486875000
1.495875000
1.620500000
1.625062500
1.633187500
1.640937500
1.648812500
1.657000000
1.665187500
1.673625000
1.682000000
1.690500000
1.698875000
1.707375000
1.715812500
1.724250000
1.732687500
1.741250000
1.749687500
1.758187500
1.767125000
1.891312500
1.897375000
1.903875000
1.910812500
1.917937500
1.925375000
1.933187500
1.941312500
1.949500000
1.957687500
1.966062500
1.974437500
1.982812500
1.991437500
2.000125000
2.008937500
2.017875000
2.027062500
2.036500000
2.046062500
2.056000000
2.066250000
2.076625000
2.087437500
2.098312500
2.110062500
2.122250000
2.134687500
2.147250000
2.160187500
2.173375000
2.187812500
2.201687500
2.216875000
2.231750000
2.240875000
2.256250000
