0.089750
0.236625
0.242562
0.249250
0.257063
0.263937
0.271938
0.280000
0.288000
0.296000
0.304063
0.311625
0.319125
0.377750
0.385688
0.393500
0.400938
0.408187
0.415187
0.422125
0.429375
0.436625
0.443937
0.451313
0.458625
0.465562
0.472438
0.479250
0.486125
0.493063
0.499875
0.506750
0.513437
0.520000
0.526750
0.533375
0.539750
0.546188
0.552562
0.558937
0.565313
0.571750
0.578187
0.584625
0.591000
0.597437
0.603875
0.610375
0.616812
0.623313
0.630000
0.636938
0.643500
0.650438
0.657687
0.665000
0.672125
0.678625
0.685562
0.692625
0.699688
0.706750
0.713750
0.720625
0.727437
0.734250
0.741062
0.748000
0.755062
0.762125
0.769125
0.776312
0.783438
0.790625
0.797937
0.805250
0.812625
0.820125
0.827625
0.835187
0.842938
0.850812
0.858688
0.866500
0.874437
0.883437
0.927937
0.934312
0.940438
0.947875
0.955438
0.963063
0.970750
0.978437
0.986125
0.993938
1.001875
1.010125
1.130438
1.135312
1.142438
1.149500
1.156562
1.163688
1.170875
1.178187
1.185625
1.193062
1.200500
1.208000
1.215563
1.223250
1.231000
1.238938
1.246938
1.255125
1.263375
1.271813
1.280437
1.289000
1.297750
1.306375
1.315250
1.324188
1.333312
1.342625
1.352375
1.363188
1.372187
1.378187
1.388125
1.397875
1.407938
1.418000
1.428187
1.438188
1.448312
1.458312
1.468188
1.477875
1.487000
1.592750
1.602000
1.614562
1.625875
1.638500
1.652313
1.667188
1.683250
1.700563
1.719188
1.737875
1.755688
1.775187
1.796313
1.821375
1.831875
