0.282875000
0.288875000
0.295000000
0.301000000
0.307062500
0.313187500
0.319375000
0.325625000
0.331937500
0.338375000
0.344812500
0.351312500
0.357812500
0.364375000
0.371000000
0.377562500
0.384062500
0.390687500
0.397250000
0.403812500
0.410437500
0.417187500
0.423937500
0.430750000
0.437562500
0.444375000
0.451062500
0.457687500
0.464125000
0.470562500
0.477062500
0.483562500
0.490062500
0.496562500
0.503062500
0.509562500
0.516125000
0.522687500
0.529312500
0.536062500
0.542875000
0.549625000
0.556500000
0.563500000
0.570437500
0.577562500
0.584687500
0.592000000
0.599375000
0.606937500
0.614687500
0.622500000
0.630312500
0.638062500
0.646062500
0.654062500
0.662062500
0.670125000
0.678000000
0.685875000
0.693687500
0.701500000
0.709312500
0.717250000
0.725312500
0.733437500
0.741562500
0.749875000
0.758062500
0.766312500
0.774500000
0.782687500
0.790875000
0.799062500
0.807250000
0.815437500
0.823687500
0.831937500
0.840187500
0.848562500
0.856937500
0.865500000
0.874062500
0.882812500
0.891625000
0.900562500
0.909437500
0.918312500
0.927312500
0.936375000
0.945437500
0.954562500
0.963625000
0.972687500
0.981750000
0.990625000
0.999375000
1.008562500
1.017500000
1.147812500
1.152125000
1.159375000
1.166625000
1.173937500
1.181375000
1.188937500
1.196562500
1.204250000
1.211875000
1.219437500
1.226875000
1.234312500
1.241562500
1.248812500
1.256000000
1.263125000
1.270187500
1.277125000
1.284125000
1.291062500
1.298000000
1.304937500
1.311937500
1.318937500
1.326250000
1.333812500
1.342000000
1.443687500
1.447500000
1.454750000
1.462625000
1.470812500
1.479000000
1.488125000
1.511500000
1.518125000
1.524125000
1.533125000
1.543000000
1.553125000
1.563125000
1.573312500
1.583750000
1.594312500
1.604875000
1.615375000
1.625750000
1.636250000
1.647125000
1.780875000
1.789312500
1.795312500
1.803812500
1.811687500
1.819625000
1.827375000
1.835187500
1.842937500
1.850812500
1.858750000
1.866625000
1.874437500
1.882125000
1.889812500
1.897375000
1.905000000
1.912562500
1.920187500
1.927812500
1.936000000
1.944687500
2.017375000
2.023875000
2.031875000
2.039687500
2.047937500
2.056312500
2.064687500
2.073250000
2.082062500
2.091125000
2.100250000
2.109437500
2.118750000
2.128125000
2.137500000
2.146625000
2.155750000
2.164437500
2.275937500
2.280562500
2.288562500
2.296812500
2.305437500
2.314062500
2.322750000
2.331687500
2.340562500
2.349562500
2.358625000
2.367812500
2.376875000
2.386000000
2.395125000
2.404312500
2.413625000
2.422937500
2.432375000
2.441812500
2.451250000
2.460687500
2.470187500
2.479687500
2.489187500
2.498687500
2.508312500
2.517812500
2.527250000
2.536625000
2.545875000
2.555000000
2.564375000
2.573562500
2.582437500
2.591125000
2.599625000
2.608062500
2.616500000
2.624812500
2.632937500
2.641812500
2.649625000
2.658000000
2.666312500
2.674625000
2.682875000
2.690937500
2.698937500
2.707000000
2.715375000
2.724000000
2.733375000
2.787750000
2.792687500
2.800750000
2.810187500
2.819500000
2.829312500
2.839187500
2.849187500
2.859250000
2.869312500
2.879375000
2.889625000
2.899750000
2.910250000
2.920437500
2.931562500
2.940812500
2.953625000
2.960250000
2.974625000
2.983000000
2.998875000
3.014062500
3.031500000
3.049437500
3.066250000
3.080625000
3.096125000
3.103750000
