0.269562500
0.275875000
0.282812500
0.290000000
0.296875000
0.304062500
0.310687500
0.317687500
0.324562500
0.331312500
0.338312500
0.344875000
0.351500000
0.358187500
0.364937500
0.372000000
0.378812500
0.385437500
0.392187500
0.399062500
0.406625000
0.498187500
0.504437500
0.511000000
0.517750000
0.524375000
0.531312500
0.538562500
0.546375000
0.554125000
0.562375000
0.577750000
0.585125000
0.592312500
0.599250000
0.606375000
0.613125000
0.619625000
0.626437500
0.633000000
0.639687500
0.646375000
0.653000000
0.659812500
0.666562500
0.673500000
0.680625000
0.687875000
0.695125000
0.702437500
0.709750000
0.717187500
0.724750000
0.732375000
0.740125000
0.747875000
0.755875000
0.763812500
0.771937500
0.780187500
0.789500000
0.989937500
0.995625000
1.003250000
1.010687500
1.018312500
1.026000000
1.033625000
1.041562500
1.049062500
1.056812500
1.064250000
1.072000000
1.079812500
1.087687500
1.095625000
1.103500000
1.111500000
1.119437500
1.127500000
1.135562500
1.143562500
1.151750000
1.159875000
1.168000000
1.176250000
1.184500000
1.192937500
1.201250000
1.209687500
1.218125000
1.226875000
1.236687500
1.245750000
1.254625000
1.262875000
1.270625000
1.278562500
1.286000000
1.293562500
1.300687500
1.307812500
1.314937500
1.322437500
1.329875000
1.337500000
1.345312500
1.353562500
1.361937500
1.370437500
1.379312500
1.389312500
1.514000000
1.521000000
1.529000000
1.537250000
1.545312500
1.553812500
1.562750000
1.572312500
1.582625000
1.624625000
1.631250000
1.639812500
1.648062500
1.656687500
1.665000000
1.673062500
1.681312500
1.689312500
1.697500000
1.705437500
1.713625000
1.721625000
1.729687500
1.737937500
1.746437500
1.861250000
1.867000000
1.875187500
1.883437500
1.892062500
1.900500000
1.909125000
1.918062500
1.926812500
1.935625000
1.944562500
1.953375000
1.962437500
1.971312500
1.980625000
1.990062500
1.999375000
2.009312500
2.020312500
2.025687500
2.040875000
2.046000000
2.085062500
2.090812500
2.099500000
2.108500000
2.118500000
2.128312500
2.292875000
2.299437500
2.307625000
2.315250000
2.323812500
2.332312500
2.341062500
2.350187500
2.359687500
2.369375000
2.379687500
2.390187500
2.401250000
2.412937500
2.425750000
2.440625000
