0.105250000
0.221125000
0.289375000
0.293750000
0.301625000
0.310187500
0.318062500
0.325812500
0.333750000
0.341562500
0.349687500
0.357625000
0.365437500
0.373375000
0.381312500
0.389062500
0.396812500
0.404500000
0.412125000
0.419562500
0.426937500
0.434125000
0.441187500
0.448312500
0.455375000
0.462437500
0.469437500
0.476500000
0.483562500
0.490750000
0.497875000
0.505687500
0.513812500
0.519375000
0.609250000
0.615562500
0.622312500
0.628875000
0.635375000
0.642125000
0.649000000
0.656000000
0.663062500
0.670250000
0.677500000
0.684875000
0.692500000
0.700625000
0.709937500
0.717937500
0.818187500
0.823812500
0.830625000
0.838125000
0.845187500
0.852312500
0.859562500
0.866750000
0.874250000
0.882000000
0.889625000
0.897812500
0.970125000
0.975875000
0.983875000
0.993062500
1.003375000
1.013687500
1.023875000
1.033375000
1.043625000
1.053437500
1.063187500
1.072812500
1.082625000
1.092312500
1.102000000
1.111812500
1.121500000
1.131062500
1.140625000
1.150125000
1.159187500
1.168125000
1.176812500
1.185250000
1.193625000
1.201875000
1.210000000
1.218187500
1.226187500
1.234125000
1.242062500
1.250000000
1.257875000
1.265812500
1.273687500
1.281500000
1.289437500
1.297437500
1.305562500
1.313812500
1.322062500
1.330562500
1.339187500
1.348062500
1.356937500
1.366125000
1.375750000
1.385750000
1.395812500
1.405125000
1.415062500
1.425562500
1.499125000
1.505125000
1.514000000
1.523000000
1.532125000
1.541687500
1.550687500
1.559812500
1.569187500
1.578937500
1.588812500
1.598812500
1.608750000
1.618500000
1.628125000
1.637625000
1.647250000
1.656937500
1.666500000
1.676312500
1.805562500
1.811875000
1.819375000
1.826687500
1.834000000
1.841437500
1.848937500
1.856437500
1.864500000
1.872875000
1.881812500
1.891750000
1.990562500
2.012750000
2.017437500
2.026687500
2.037062500
2.047312500
2.057875000
2.068687500
2.079875000
2.091125000
2.102062500
2.113250000
2.124875000
2.135500000
2.236437500
2.241562500
2.248625000
2.260500000
2.271437500
2.380437500
2.385937500
2.393500000
2.402000000
2.410812500
2.419625000
2.428375000
2.437250000
2.446562500
2.455625000
2.465000000
2.476125000
2.604187500
2.620687500
2.631437500
2.636312500
2.644187500
2.652437500
2.661125000
2.669875000
2.678750000
2.687500000
2.696687500
2.705812500
2.715250000
2.724875000
2.735000000
2.745250000
2.755562500
2.765875000
2.776625000
2.787750000
2.799437500
2.812125000
2.826750000
2.844375000
2.866312500
2.890750000
2.901625000
2.915625000
