0.140925
0.145175
0.217738
0.227737
0.240987
0.245612
0.256238
0.264800
0.273425
0.281988
0.290550
0.299113
0.307800
0.316675
0.325425
0.334175
0.342863
0.351363
0.359738
0.368050
0.376050
0.383925
0.391488
0.398863
0.406113
0.413238
0.420175
0.427050
0.433863
0.440550
0.447238
0.453800
0.460300
0.466738
0.473238
0.479675
0.486175
0.492737
0.499238
0.505800
0.512238
0.518800
0.525238
0.531737
0.538175
0.544737
0.551238
0.557863
0.564425
0.571113
0.577800
0.584612
0.591550
0.598488
0.605675
0.612988
0.620800
0.629613
0.770863
0.777175
0.783675
0.790238
0.796675
0.803050
0.809425
0.815800
0.822238
0.828738
0.835425
0.842300
0.848988
0.855800
0.862675
0.869613
0.876613
0.883738
0.890988
0.898175
0.906675
0.911488
0.918550
0.925613
0.932863
0.940300
0.947800
0.955300
0.962988
0.970800
0.978800
0.986925
0.995238
1.003800
1.012363
1.021050
1.029800
1.038675
1.047675
1.056738
1.065862
1.075112
1.084613
1.093925
1.103800
1.113112
1.122800
1.132362
1.141987
1.151738
1.161488
1.171550
1.181613
1.191800
1.201988
1.212175
1.222487
1.232738
1.242675
1.252675
1.262300
1.271800
1.281050
1.290175
1.298925
1.307487
1.315738
1.323862
1.331988
1.340175
1.348925
1.405175
1.410988
1.419425
1.428363
1.436862
1.446238
1.454675
1.463238
1.471737
1.480238
1.488863
1.497425
1.505988
1.514488
1.523238
1.531863
1.540550
1.549238
1.557862
1.566675
1.575363
1.583925
1.592488
1.600925
1.609363
1.617800
1.626238
1.634550
1.642800
1.651113
1.659425
1.667800
1.676238
1.684487
1.693050
1.701675
1.710175
1.718738
1.727175
1.735800
1.744550
1.753425
1.762363
1.771675
1.781300
1.791175
1.801550
1.812488
1.824300
1.836988
1.851238
1.867050
1.882800
1.898800
