0.145563
0.224063
0.232875
0.238625
0.246000
0.253188
0.260437
0.267688
0.275000
0.282375
0.290250
0.298125
0.303125
0.306375
0.311000
0.315188
0.438625
0.442375
0.448750
0.454875
0.461062
0.467125
0.473375
0.479500
0.485750
0.492125
0.498688
0.505313
0.512000
0.518813
0.525750
0.532937
0.540312
0.547875
0.555625
0.563500
0.571438
0.579500
0.587750
0.596063
0.604625
0.613313
0.622125
0.631062
0.640000
0.648875
0.657687
0.666375
0.674937
0.683500
0.692063
0.700750
0.709375
0.718000
0.726688
0.735437
0.744188
0.753188
0.762312
0.771875
0.781625
0.792125
0.801063
0.810000
0.818813
0.827562
0.836313
0.845063
0.853812
0.862500
0.871250
0.880125
0.889375
0.897813
1.019688
1.025562
1.032125
1.038563
1.044938
1.051313
1.057750
1.064313
1.070938
1.077625
1.084563
1.091750
1.099563
1.108125
1.116063
1.198875
1.206188
1.214312
1.222687
1.231125
1.239688
1.248375
1.257187
1.266250
1.275250
1.284563
1.293875
1.303125
1.312500
1.322000
1.331438
1.341250
1.350688
1.360313
1.370000
1.379563
1.389188
1.398750
1.408125
1.416938
1.426000
1.435688
1.547187
1.552688
1.560437
1.569125
1.577438
1.585875
1.594313
1.603125
1.612188
1.621563
1.631250
1.641125
1.651250
1.661563
1.672125
1.682813
1.694250
1.705875
1.717563
1.730438
1.743625
1.753688
1.769625
1.779313
1.796313
