0.086000000
0.227312500
0.234000000
0.239312500
0.244937500
0.251687500
0.259312500
0.266625000
0.274187500
0.281875000
0.289875000
0.298250000
0.307250000
0.315937500
0.323812500
0.331562500
0.339062500
0.346937500
0.354562500
0.362375000
0.370125000
0.378125000
0.385812500
0.393750000
0.401875000
0.410312500
0.419687500
0.426375000
0.463187500
0.470375000
0.478187500
0.485625000
0.492875000
0.500000000
0.507062500
0.514187500
0.521312500
0.528312500
0.535562500
0.542687500
0.549812500
0.556937500
0.564125000
0.571312500
0.578500000
0.585687500
0.592875000
0.600062500
0.607187500
0.614437500
0.621687500
0.629000000
0.636250000
0.643687500
0.651062500
0.658687500
0.666250000
0.674250000
0.682187500
0.690312500
0.698437500
0.706625000
0.714687500
0.722750000
0.730687500
0.738687500
0.746687500
0.754687500
0.762750000
0.770812500
0.778937500
0.787187500
0.795687500
0.804687500
0.814437500
0.868062500
0.874000000
0.881937500
0.889937500
0.897937500
0.906250000
0.914937500
0.924562500
1.036562500
1.040937500
1.048000000
1.054687500
1.061250000
1.067937500
1.074625000
1.081312500
1.088062500
1.094875000
1.101687500
1.108625000
1.115687500
1.122937500
1.130250000
1.137937500
1.146187500
1.189812500
1.200687500
1.206500000
1.213500000
1.222062500
1.230312500
1.238625000
1.247000000
1.255437500
1.264062500
1.272437500
1.282562500
1.385562500
1.392250000
1.400125000
1.407000000
1.527937500
1.534000000
1.541000000
1.548062500
1.555125000
1.562312500
1.569000000
1.575875000
1.582937500
1.590062500
1.597312500
1.604750000
1.612250000
1.619875000
1.627750000
1.635750000
1.644062500
1.652500000
1.661437500
1.670437500
1.679625000
1.689062500
1.698562500
1.708062500
1.717687500
1.727250000
1.737062500
1.747000000
1.757062500
1.766812500
1.776750000
1.833187500
1.837750000
1.844875000
1.854375000
1.867250000
1.874625000
1.892750000
1.901500000
1.918375000
1.928062500
1.942875000
1.951625000
