0.143000000
0.162937500
0.232312500
0.237875000
0.246937500
0.254750000
0.263187500
0.271375000
0.279625000
0.287937500
0.297062500
0.305750000
0.314875000
0.395625000
0.401875000
0.407937500
0.415375000
0.422687500
0.429500000
0.436562500
0.443625000
0.450500000
0.457500000
0.464375000
0.471250000
0.478187500
0.485125000
0.492125000
0.499125000
0.506187500
0.513375000
0.520687500
0.528062500
0.535437500
0.543000000
0.550625000
0.558312500
0.566250000
0.574312500
0.582500000
0.590812500
0.599375000
0.608125000
0.617125000
0.626187500
0.635437500
0.644875000
0.654437500
0.663812500
0.673375000
0.682875000
0.692312500
0.701812500
0.711312500
0.721062500
0.730937500
0.740562500
0.749875000
0.759187500
0.768625000
0.777375000
0.786562500
0.905500000
0.911625000
0.919500000
0.928000000
0.936750000
0.946437500
0.955250000
0.964187500
0.972937500
0.982375000
0.992062500
1.077750000
1.083750000
1.090812500
1.098062500
1.105625000
1.113000000
1.120375000
1.127812500
1.135250000
1.142875000
1.150625000
1.158375000
1.166375000
1.174562500
1.183000000
1.191750000
1.200875000
1.210312500
1.219937500
1.229937500
1.240187500
1.250437500
1.260812500
1.271312500
1.281937500
1.292812500
1.303375000
1.315062500
1.325812500
1.338062500
1.355000000
1.364125000
1.375687500
1.387000000
1.398375000
1.409687500
1.421750000
1.437375000
1.454812500
1.459500000
1.468625000
1.553625000
1.557875000
1.564437500
1.572687500
1.581062500
1.589500000
1.598000000
1.606562500
1.615187500
1.623937500
1.633000000
1.642375000
1.652062500
1.661625000
1.671437500
1.681687500
1.692500000
1.704187500
1.715187500
1.730375000
1.748375000
1.768437500
1.787312500
1.802250000
1.811937500
1.837375000
1.844375000
1.851750000
