0.123550
0.230175
0.239675
0.243112
0.253488
0.256925
0.272300
0.281488
0.319925
0.330238
0.337363
0.351113
0.357925
0.363863
0.368113
0.374675
0.380675
0.386800
0.392988
0.399175
0.405675
0.412113
0.418425
0.424675
0.430863
0.436988
0.443050
0.449113
0.455238
0.461425
0.467675
0.474113
0.480738
0.487300
0.494175
0.601488
0.604988
0.610800
0.616425
0.622300
0.628113
0.633988
0.639988
0.645988
0.651988
0.658112
0.664238
0.670425
0.676675
0.682987
0.689488
0.696238
0.703050
0.710050
0.717113
0.724050
0.730550
0.737300
0.743800
0.750363
0.756800
0.763050
0.769300
0.775550
0.781800
0.788050
0.794362
0.800800
0.807362
0.814362
0.821488
0.828425
0.835425
0.842488
0.849612
0.856925
0.864363
0.871925
0.879675
0.887487
0.895487
0.903425
0.911613
0.920113
0.929238
0.938488
0.947738
0.956925
0.965925
0.974925
0.983988
0.993175
1.002425
1.011800
1.021363
1.030987
1.040612
1.050175
1.059675
1.069113
1.078363
1.087363
1.096300
1.105175
1.113863
1.197300
1.204800
1.210487
1.218425
1.226050
1.235175
1.242113
1.250925
1.258925
1.266800
1.275050
1.283175
1.291675
1.300612
1.310613
1.324613
1.384925
1.402988
1.416862
1.422675
1.427988
1.433675
1.439363
1.445550
1.451550
1.457550
1.463675
1.469800
1.475988
1.482363
1.488925
1.495675
1.502987
1.615238
1.620362
1.628300
1.635488
1.643050
1.650738
1.658550
1.666675
1.675175
1.683550
1.692175
1.700738
1.709488
1.718300
1.727175
1.736175
1.745425
1.754550
1.763738
1.772675
1.781425
1.790050
1.798738
1.807238
1.816300
1.825613
1.931425
1.940050
1.958863
1.965613
1.972863
1.980613
1.988425
1.996113
2.003738
2.011550
2.019238
2.027425
2.036300
2.160112
2.166300
2.172988
2.179800
2.186738
2.193800
2.201300
2.208613
2.215925
2.223175
2.230488
2.237862
2.245300
2.252925
2.260550
2.268362
2.275987
2.283612
2.291488
2.299300
2.308425
2.418988
2.423488
2.432113
2.440863
2.449863
2.458863
2.467988
2.477238
2.486800
2.495862
2.506175
2.515613
2.525675
2.535300
2.545050
2.557925
2.563487
2.579238
2.587425
2.611550
2.629363
