0.063562500
0.233437500
0.238687500
0.246000000
0.253250000
0.260125000
0.267062500
0.274062500
0.280875000
0.287687500
0.294375000
0.300875000
0.307500000
0.314000000
0.320625000
0.327125000
0.333562500
0.340125000
0.346562500
0.352937500
0.359312500
0.365687500
0.372062500
0.378562500
0.385000000
0.391875000
0.399437500
0.515062500
0.519812500
0.527062500
0.534562500
0.542125000
0.549437500
0.556875000
0.564562500
0.572312500
0.580062500
0.587750000
0.595875000
0.603687500
0.611562500
0.619687500
0.627687500
0.635687500
0.643812500
0.652125000
0.660000000
0.668375000
0.676437500
0.684562500
0.692750000
0.700937500
0.709187500
0.717250000
0.725562500
0.733687500
0.742187500
0.750187500
0.759750000
0.878937500
0.883812500
0.890937500
0.898312500
0.905687500
0.912812500
0.919375000
0.927312500
0.933812500
0.941187500
0.948625000
0.955687500
0.963125000
0.970625000
0.978125000
0.985812500
0.993625000
1.001312500
1.009250000
1.016875000
1.024437500
1.031750000
1.039187500
1.046875000
1.054437500
1.062125000
1.070062500
1.077687500
1.085625000
1.093437500
1.101437500
1.109125000
1.117000000
1.124812500
1.132625000
1.140375000
1.148312500
1.156000000
1.163625000
1.171562500
1.179562500
1.187187500
1.195312500
1.203250000
1.211187500
1.219375000
1.227625000
1.236187500
1.245125000
1.254375000
1.347812500
1.352625000
1.360125000
1.367812500
1.376062500
1.383937500
1.391625000
1.399625000
1.408000000
1.416625000
1.425750000
1.435500000
1.456937500
1.462187500
1.467687500
1.474375000
1.481437500
1.489250000
1.497375000
1.505437500
1.513750000
1.522187500
1.530937500
1.539687500
1.548562500
1.557312500
1.566250000
1.575000000
1.585125000
1.592250000
1.598375000
1.604062500
1.608937500
1.614000000
1.621437500
1.629750000
1.638187500
1.646812500
1.655687500
1.664312500
1.673000000
1.681875000
1.690625000
1.699812500
1.709125000
1.718562500
1.728187500
1.738500000
1.749000000
1.760312500
1.771812500
1.784000000
1.796812500
1.811312500
1.827500000
1.844125000
1.861875000
1.880875000
1.890625000
