0.221812500
0.241187500
0.246187500
0.253812500
0.262875000
0.270875000
0.279250000
0.287687500
0.296250000
0.304625000
0.313062500
0.321562500
0.330125000
0.338687500
0.347187500
0.355687500
0.364250000
0.372625000
0.381687500
0.389500000
0.397875000
0.406062500
0.414125000
0.422187500
0.430375000
0.438875000
0.447562500
0.456500000
0.575750000
0.580937500
0.588750000
0.595437500
0.603937500
0.611250000
0.734062500
0.739250000
0.746750000
0.753625000
0.761000000
0.768125000
0.775500000
0.782875000
0.790312500
0.797812500
0.805375000
0.813375000
0.821437500
0.829625000
0.837937500
0.846250000
0.855000000
0.861437500
0.873062500
0.877750000
0.883875000
0.890625000
0.898437500
0.906812500
0.914875000
0.923125000
0.931312500
0.939562500
0.947875000
0.956187500
0.964500000
0.972937500
0.981375000
0.989875000
0.998437500
1.007000000
1.015625000
1.024250000
1.033000000
1.041812500
1.050687500
1.059687500
1.068625000
1.077562500
1.086562500
1.095562500
1.104437500
1.113375000
1.122312500
1.131437500
1.140500000
1.149562500
1.158500000
1.167437500
1.176375000
1.185312500
1.194250000
1.204125000
1.214062500
1.301812500
1.308625000
1.317437500
1.326750000
1.336250000
1.345562500
1.354937500
1.364437500
1.374000000
1.383625000
1.393125000
1.402625000
1.411937500
1.421375000
1.431125000
1.441312500
1.451062500
1.462000000
1.468125000
1.473937500
1.480062500
1.486687500
1.495125000
1.504625000
1.513750000
1.523000000
1.532187500
1.541437500
1.550625000
1.560125000
1.569312500
1.578500000
1.587812500
1.596750000
1.605750000
1.614937500
1.624250000
1.635000000
1.736000000
1.743625000
1.758375000
1.770875000
1.783375000
1.795625000
1.809125000
1.822750000
1.836937500
1.848375000
1.861312500
1.870437500
