0.106675
0.128675
0.237863
0.245238
0.252675
0.259988
0.267800
0.275363
0.282925
0.290425
0.297988
0.305550
0.313113
0.321050
0.326800
0.330550
0.412925
0.417738
0.424300
0.430488
0.436800
0.443050
0.449550
0.456050
0.462738
0.469488
0.476363
0.483175
0.490238
0.494925
0.502050
0.508425
0.515238
0.521363
0.527925
0.534363
0.540737
0.547113
0.553488
0.559863
0.566175
0.572612
0.579238
0.586488
0.716988
0.722612
0.728363
0.733988
0.739925
0.745862
0.751988
0.758487
0.764675
0.771112
0.777550
0.784050
0.790550
0.797050
0.803613
0.810175
0.816675
0.823175
0.829612
0.836113
0.842800
0.849363
0.855988
0.862613
0.869300
0.875988
0.882738
0.889487
0.896238
0.902925
0.909675
0.916238
0.922863
0.929425
0.936050
0.942675
0.949363
0.955987
0.962738
0.969488
0.976300
0.983113
0.989925
0.996738
1.003488
1.010300
1.016987
1.023800
1.030488
1.037300
1.044550
1.052175
1.059550
1.234238
1.238363
1.259613
1.264425
1.270675
1.276925
1.283175
1.289425
1.295800
1.302175
1.308550
1.314988
1.321487
1.327925
1.334425
1.340988
1.347613
1.354362
1.361238
1.368175
1.375175
1.382300
1.389550
1.396863
1.404300
1.411925
1.419738
1.427863
1.436363
1.444925
1.453675
1.462550
1.471613
1.480925
1.490550
1.500300
1.510363
1.520488
1.530800
1.541238
1.551738
1.562050
1.572363
1.582550
1.592800
1.603175
1.613675
1.624113
1.634550
1.780488
1.785925
1.794300
1.802425
1.810550
1.818863
1.827487
1.832425
1.835863
1.844113
1.852988
1.914675
1.920050
1.925363
1.968050
1.979863
1.986800
1.997238
2.005800
2.013050
2.021050
2.028612
2.036050
2.043487
2.050925
2.058362
2.065863
2.073363
2.080862
2.088300
2.095800
2.103362
2.110863
2.118488
2.126175
2.133863
2.141675
2.149550
2.157550
2.165612
2.173862
2.182175
2.190612
2.199300
2.208112
2.217050
2.226237
2.235613
2.245112
2.255050
2.265862
2.276988
2.288550
2.297925
2.305175
2.322300
2.328238
2.340550
2.353675
2.368362
2.384738
2.401925
2.418925
2.435300
2.451487
