0.370812500
0.375562500
0.382187500
0.388812500
0.395562500
0.402375000
0.408812500
0.415625000
0.422312500
0.429062500
0.436125000
0.442875000
0.449875000
0.456812500
0.463812500
0.470875000
0.477875000
0.484562500
0.492062500
0.499000000
0.506312500
0.513437500
0.520500000
0.527750000
0.534500000
0.541812500
0.548937500
0.555937500
0.563000000
0.570000000
0.576812500
0.584187500
0.591250000
0.598187500
0.605187500
0.612187500
0.619125000
0.625875000
0.633250000
0.640437500
0.647500000
0.654562500
0.661812500
0.669062500
0.676250000
0.683687500
0.691062500
0.698812500
0.706250000
0.714375000
0.722500000
0.731437500
0.740875000
0.749250000
0.757625000
0.766187500
0.775125000
0.784062500
0.793312500
0.802500000
0.811812500
0.821125000
0.830437500
0.840250000
0.850000000
0.859562500
0.870000000
0.889937500
0.928312500
0.959062500
0.982687500
1.001250000
1.008375000
1.019312500
1.027250000
1.035937500
1.044125000
1.051625000
1.059375000
1.067562500
1.075187500
1.082937500
1.091000000
1.099437500
1.108250000
1.160875000
1.167687500
1.174437500
1.181375000
1.188187500
1.195500000
1.202687500
1.210125000
1.217875000
1.225750000
1.233062500
1.240625000
1.248375000
1.255625000
1.263187500
1.270937500
1.278437500
1.286437500
1.294062500
1.302000000
1.309812500
1.317562500
1.325625000
1.333437500
1.341187500
1.349062500
1.356562500
1.364125000
1.372125000
1.379687500
1.387062500
1.394687500
1.402000000
1.409562500
1.417375000
1.424875000
1.432750000
1.440187500
1.447562500
1.455312500
1.462875000
1.470500000
1.478250000
1.485625000
1.493125000
1.501375000
1.509562500
1.516500000
1.657312500
1.661500000
1.668937500
1.676125000
1.683437500
1.690937500
1.698375000
1.705437500
1.712875000
1.720062500
1.727562500
1.735062500
1.742500000
1.750125000
1.757687500
1.765875000
1.771750000
1.904000000
1.907812500
1.914625000
1.921750000
1.929000000
1.936000000
1.943375000
1.950687500
1.958250000
1.965750000
1.973687500
1.981375000
1.989250000
1.996937500
2.005250000
2.013375000
2.021812500
2.030250000
2.039062500
2.047375000
2.056312500
2.065625000
2.074312500
2.083750000
2.092625000
2.223625000
2.232062500
2.240937500
2.250250000
2.259750000
2.269250000
2.278375000
2.287437500
2.296562500
2.305375000
2.314375000
2.323312500
2.332375000
2.341375000
2.350312500
2.359562500
2.368437500
2.377250000
2.385937500
2.394812500
2.403625000
2.412375000
2.421125000
2.429625000
2.438312500
2.447062500
2.455500000
2.464250000
2.472687500
2.481625000
2.490062500
2.499312500
2.507812500
2.517000000
2.526250000
2.535625000
2.545500000
2.555125000
2.565500000
2.575562500
2.586000000
2.596187500
2.607000000
2.617187500
2.627812500
2.639375000