0.220000000
0.227562500
0.234875000
0.242000000
0.249500000
0.257000000
0.264562500
0.272125000
0.279812500
0.287312500
0.294875000
0.302437500
0.310187500
0.318000000
0.326000000
0.334312500
0.342812500
0.351312500
0.359750000
0.367937500
0.376187500
0.384250000
0.392125000
0.400125000
0.408187500
0.416250000
0.424250000
0.432187500
0.440062500
0.447875000
0.455687500
0.463437500
0.471187500
0.479000000
0.486937500
0.494875000
0.502875000
0.510750000
0.518812500
0.526875000
0.535062500
0.543187500
0.551312500
0.559562500
0.567875000
0.576250000
0.584875000
0.593500000
0.602250000
0.611125000
0.620062500
0.629125000
0.638187500
0.647375000
0.656437500
0.665750000
0.674875000
0.683937500
0.693000000
0.701937500
0.710875000
0.719812500
0.728687500
0.738375000
0.748062500
0.837500000
0.843812500
0.852312500
0.861187500
0.870187500
0.879375000
0.888562500
0.897812500
0.907187500
0.917000000
0.926312500
0.936687500
0.947312500
1.106062500
1.111562500
1.119187500
1.127125000
1.135250000
1.143562500
1.152125000
1.160937500
1.170000000
1.179312500
1.188812500
1.198562500
1.209062500
1.219687500
1.230875000
1.242687500
1.255500000
1.269125000
1.283875000
1.300187500
1.318875000
1.338250000
1.357750000
1.375000000
1.389312500
1.401875000
1.413062500
1.423937500
1.442125000
1.448625000
