0.263562500
0.268125000
0.275000000
0.281375000
0.287875000
0.294562500
0.301312500
0.307937500
0.314812500
0.321687500
0.328687500
0.336000000
0.343437500
0.351562500
0.359875000
0.368187500
0.374437500
0.397625000
0.404000000
0.410937500
0.417875000
0.424750000
0.431875000
0.438937500
0.446250000
0.453312500
0.460750000
0.468187500
0.475937500
0.484312500
0.492937500
0.507062500
0.515812500
0.520250000
0.527687500
0.534687500
0.541375000
0.548437500
0.555375000
0.562437500
0.569625000
0.576625000
0.583625000
0.590625000
0.597562500
0.604375000
0.611375000
0.618062500
0.624875000
0.631750000
0.638625000
0.645375000
0.652187500
0.659125000
0.665937500
0.672687500
0.679625000
0.686312500
0.693187500
0.699937500
0.706750000
0.713500000
0.720500000
0.727625000
0.734687500
0.741937500
0.749375000
0.756875000
0.765000000
0.798625000
0.804000000
0.810812500
0.817625000
0.824375000
0.831312500
0.838437500
0.845937500
0.853625000
0.862500000
0.964312500
0.969312500
0.976312500
0.982937500
0.989687500
0.996375000
1.003125000
1.010125000
1.017125000
1.024000000
1.031000000
1.038187500
1.045187500
1.052375000
1.059625000
1.066875000
1.074125000
1.081437500
1.088750000
1.096125000
1.103437500
1.111062500
1.118562500
1.126062500
1.133750000
1.141375000
1.148875000
1.156500000
1.164062500
1.171687500
1.179312500
1.187000000
1.194625000
1.202250000
1.209687500
1.217375000
1.225312500
1.233875000
1.242500000
1.251312500
1.259687500
1.267875000
1.275937500
1.283250000
1.290500000
1.297875000
1.305437500
1.313312500
1.321187500
1.329250000
1.337500000
1.346500000
1.354187500
1.475312500
1.480250000
1.487125000
1.493750000
1.500562500
1.507312500
1.514125000
1.520750000
1.527625000
1.534375000
1.541250000
1.548375000
1.555687500
1.564875000
1.569000000
1.735875000
1.744125000
1.752250000
1.760812500
1.769125000
1.777750000
1.786375000
1.795375000
1.804437500
1.813562500
1.822937500
1.832250000
1.841500000
1.850687500
1.859687500
1.868750000
1.878187500
1.887750000
1.898937500
1.984312500
1.990250000
1.999750000
2.008187500
2.017000000
2.025750000
2.034750000
2.043937500
2.053375000
2.062625000
2.072250000
2.082437500
2.174437500
2.181812500
2.189437500
2.197687500
2.206062500
2.215500000
2.224500000
2.234062500
2.243187500
2.301625000
2.307937500
2.315750000
2.323625000
2.331562500
2.339250000
2.347375000
2.355562500
2.363875000
2.372312500
2.380812500
2.389562500
2.398437500
2.407750000
2.416937500
2.426312500
2.435625000
2.445125000
2.454875000
2.464875000
2.474937500
2.485437500
2.496125000
2.507187500
2.518625000
2.530062500
2.541500000
2.552437500
2.563625000
2.574812500
2.584812500
