0.034675
0.213238
0.217675
0.226175
0.233800
0.241300
0.248675
0.255988
0.263175
0.270300
0.277238
0.284050
0.290613
0.297113
0.303488
0.309863
0.316175
0.322425
0.328675
0.334863
0.340988
0.347175
0.353363
0.359613
0.365988
0.372488
0.379425
0.386738
0.394488
0.477738
0.481175
0.487988
0.495300
0.502738
0.510363
0.518613
0.526675
0.534800
0.543050
0.551613
0.560113
0.568675
0.577300
0.585863
0.594363
0.602862
0.611300
0.619988
0.629175
0.638738
0.648863
0.654425
0.673988
0.679925
0.687550
0.695362
0.703363
0.711363
0.719300
0.727237
0.735113
0.742988
0.750800
0.758613
0.766550
0.774363
0.782112
0.789863
0.797550
0.805113
0.812675
0.820113
0.827550
0.834987
0.842363
0.849738
0.857113
0.864488
0.872238
0.880300
0.888800
0.894988
0.923362
1.017863
1.026425
1.032863
1.040113
1.046988
1.053800
1.060675
1.067613
1.074613
1.081738
1.088988
1.096363
1.103738
1.111175
1.118613
1.126175
1.133738
1.141488
1.149237
1.157113
1.164988
1.172988
1.181050
1.189237
1.197425
1.205738
1.214175
1.222675
1.231300
1.240050
1.248925
1.257925
1.267050
1.276300
1.285738
1.295113
1.304738
1.314237
1.323550
1.332925
1.342175
1.351300
1.360362
1.369550
1.378800
1.388050
1.397363
1.406800
1.416238
1.425550
1.434862
1.444300
1.453738
1.463175
1.472738
1.482175
1.491613
1.501113
1.510488
1.519738
1.529675
1.539800
1.629800
1.634300
1.642050
1.650863
1.659237
1.667738
1.676300
1.684988
1.693863
1.702862
1.711988
1.721300
1.730800
1.740300
1.749988
1.759613
1.769738
1.779800
1.790300
1.883175
1.889925
1.900988
1.910675
1.920988
1.931363
1.941863
1.952487
1.963113
1.973863
1.984613
1.995488
