0.270500000
0.276312500
0.284687500
0.290750000
0.298437500
0.305437500
0.312625000
0.319875000
0.327250000
0.334562500
0.341875000
0.349375000
0.356937500
0.364687500
0.372375000
0.380625000
0.388875000
0.397187500
0.405625000
0.413937500
0.421875000
0.429750000
0.437375000
0.445000000
0.452812500
0.460687500
0.490375000
0.496062500	
0.503812500
0.510125000
0.516437500
0.522687500
0.528562500
0.535750000
0.542312500
0.549000000
0.555750000
0.562375000
0.569062500
0.575500000
0.582000000
0.588562500
0.595125000
0.601750000
0.608437500
0.615187500
0.622062500
0.629062500
0.636062500
0.643250000
0.650625000
0.658187500
0.666062500
0.674000000
0.682250000
0.690625000
0.699250000
0.708062500
0.716937500
0.725875000
0.734625000
0.743562500
0.752187500
0.761312500
0.770687500
0.900000000
0.908625000
0.914812500
0.923750000
0.931687500
0.940125000
0.948437500
0.956875000
0.965187500
0.973250000
0.981312500
0.989562500
0.998750000
1.169125000
1.175187500
1.182187500
1.189125000
1.196437500
1.203875000
1.211375000
1.218875000
1.226250000
1.233750000
1.241250000
1.248750000
1.256000000
1.263312500
1.270625000
1.277812500
1.285187500
1.292312500
1.299500000
1.306625000
1.314125000
1.321125000
1.328687500
1.443187500
1.449875000
1.457437500
1.465187500
1.473125000
1.480937500
1.489062500
1.497250000
1.505750000
1.514375000
1.523187500
1.532000000
1.541125000
1.550312500
1.559812500
1.570062500
1.574375000
1.597687500
1.603687500
1.609750000
1.622062500
1.626750000
1.637312500
1.644625000
1.655875000
1.663500000
1.672937500
1.681437500
1.690375000
1.699062500
1.707625000
1.716250000
1.724812500
1.733500000
1.742375000
1.751312500
1.760375000
1.769562500
1.778812500
1.788312500
1.798000000
1.807750000
1.817375000
1.826687500
1.835687500
1.844687500
1.853625000
1.862562500
1.871437500
1.880250000
1.889187500
1.898125000
1.907000000
1.915875000
1.924750000
1.934062500
1.943812500
1.954062500
2.004312500
2.010312500
2.018062500
2.026562500
2.034562500
2.042750000
2.050687500
2.058812500
2.066812500
2.074937500
2.082875000
2.090937500
2.099125000
2.107312500
2.115687500
2.124062500
2.132562500
2.141187500
2.150000000
2.158750000
2.167625000
2.176687500
2.185812500
2.195125000
2.204562500
2.214250000
2.223187500
2.233062500
2.242437500
2.252500000
2.261500000
2.272812500
2.278625000
2.286750000
2.301062500
2.308625000
2.323562500
2.331562500
2.348875000
2.359375000
2.368000000
2.382875000
2.390500000
