0.155562500
0.180000000
0.229187500
0.238500000
0.248000000
0.257125000
0.266437500
0.275625000
0.284812500
0.294062500
0.303312500
0.312625000
0.321875000
0.331250000
0.340625000
0.350187500
0.359687500
0.369375000
0.378937500
0.388500000
0.398062500
0.407625000
0.417250000
0.426625000
0.436000000
0.445437500
0.454687500
0.463750000
0.473125000
0.483750000
0.487062500
0.656812500
0.667937500
0.685500000
0.691937500
0.698937500
0.706125000
0.713062500
0.720125000
0.727250000
0.734375000
0.741687500
0.749000000
0.756437500
0.763875000
0.771375000
0.778875000
0.786437500
0.794000000
0.801687500
0.809312500
0.817062500
0.824812500
0.832812500
0.841000000
0.849375000
0.857750000
0.866250000
0.874812500
0.883375000
0.891875000
0.900250000
0.908750000
0.917125000
0.925375000
0.933625000
0.941500000
0.949500000
0.957812500
0.966437500
0.975312500
0.984062500
0.993875000
1.004000000
1.012062500
1.020000000
1.026687500
1.036187500
1.045312500
1.054562500
1.063750000
1.072875000
1.082000000
1.091062500
1.100125000
1.109125000
1.118000000
1.126875000
1.135875000
1.145750000
1.260250000
1.268312500
1.279125000
1.290437500
1.301062500
1.311500000
1.322250000
1.333562500
1.344500000
1.356500000
1.367875000
1.380375000
1.391500000
1.402250000
1.413750000
1.424000000
1.587937500
1.592937500
1.598187500
1.604500000
1.611250000
1.619312500
1.627562500
1.635875000
1.644125000
1.652375000
1.660500000
1.668562500
1.676687500
1.684812500
1.692937500
1.701125000
1.709500000
1.717937500
1.726437500
1.734750000
1.744812500
1.748437500
1.852812500
1.859750000
1.869000000
1.877500000
1.886375000
1.895312500
1.904437500
1.913562500
1.922812500
1.931937500
1.941125000
1.950312500
1.959562500
1.968875000
1.978437500
1.988000000
1.997312500
2.008000000
2.114062500
2.120625000
2.136937500
2.147000000
2.156562500
2.167000000
2.180875000
2.191937500
2.203562500
2.274937500
2.380062500
2.396812500
2.406312500
2.416312500
2.426500000
2.436000000
2.446250000
2.455687500
2.464500000
2.473125000
2.481687500
2.489375000
2.619562500
2.627000000
2.636312500
2.645437500
2.655312500
2.665875000
2.677000000
2.688437500
2.700062500
2.711625000
2.723187500
2.922250000
2.929875000
2.937062500
2.945437500
2.954687500
2.964375000
2.974437500
2.984750000
2.995562500
3.007000000
3.019125000
3.031625000
3.046812500
3.058187500
3.075875000
3.095625000
3.114125000
