0.250125000
0.256187500
0.263687500
0.270562500
0.277750000
0.284500000
0.291437500
0.298500000
0.305437500
0.312750000
0.320062500
0.327750000
0.348250000
0.353750000
0.360187500
0.366875000
0.373812500
0.380437500
0.387125000
0.393875000
0.400687500
0.407500000
0.414250000
0.421000000
0.427750000
0.434500000
0.441187500
0.447437500
0.454250000
0.460812500
0.467812500
0.474562500
0.481312500
0.487875000
0.494812500
0.501812500
0.509437500
0.517562500
0.524812500
0.572250000
0.578312500
0.585312500
0.592125000
0.599000000
0.605812500
0.612812500
0.619625000
0.626500000
0.633875000
0.640437500
0.647500000
0.654812500
0.661812500
0.668812500
0.675875000
0.683000000
0.690125000
0.697312500
0.704437500
0.711625000
0.718875000
0.726062500
0.733312500
0.740625000
0.748000000
0.755437500
0.763000000
0.770812500
0.778625000
0.786500000
0.794375000
0.802312500
0.810062500
0.817687500
0.825062500
0.832312500
0.839562500
0.846812500
0.854000000
0.861250000
0.868500000
0.875687500
0.882937500
0.890187500
0.897437500
0.904687500
0.911937500
0.919125000
0.926375000
0.933750000
0.941187500
0.948937500
0.956875000
0.964812500
0.974062500
1.033625000
1.039125000
1.047750000
1.057125000
1.066625000
1.076500000
1.086625000
1.097250000
1.106187500
1.115250000
1.125000000
1.134312500
1.143750000
1.152937500
1.162500000
1.171875000
1.181250000
1.190875000
1.200562500
1.270937500
1.277687500
1.286437500
1.295437500
1.304312500
1.313187500
1.321937500
1.330562500
1.339000000
1.347437500
1.356187500
1.365125000
1.374250000
1.382562500
1.390500000
1.398500000
1.406625000
1.414750000
1.422875000
1.431062500
1.439250000
1.447562500
1.455937500
1.464312500
1.473000000
1.482125000
1.491187500
1.500437500
1.562375000
1.567937500
1.575312500
1.583000000
1.590687500
1.598500000
1.606312500
1.614125000
1.621625000
1.629125000
1.636500000
1.644000000
1.651375000
1.658687500
1.665625000
1.672687500
1.680375000
1.687625000
1.694750000
1.701875000
1.709062500
1.716250000
1.723500000
1.730750000
1.738000000
1.745375000
1.752875000
1.760687500
1.768562500
1.776187500
1.784000000
1.792062500
1.800500000
1.809125000
1.818000000
1.826812500
1.835750000
1.844937500
1.854312500
1.864062500
1.873812500
1.883500000
1.893312500
1.902875000
1.912125000
1.921250000
1.930062500
1.938875000
1.947687500
1.956562500
1.965437500
1.974312500
1.983125000
1.991687500
2.000250000
2.009625000
2.018812500
2.029000000
2.037312500
2.055062500
2.060187500
2.066312500
2.073187500
2.085375000
2.096375000
2.112875000
2.124625000
2.136750000
2.148937500
2.159187500
2.168375000
2.176875000
2.185187500
2.193750000
2.201937500
2.210062500
2.218187500
2.226375000
2.234500000
2.242750000
2.251250000
2.260125000
2.268937500
2.278000000
2.287062500
2.296500000
2.306500000
2.367812500
2.373062500
2.381187500
2.389937500
2.399062500
2.408312500
2.417750000
2.427250000
2.436875000
2.446562500
2.456437500
2.466437500
2.476625000
2.486875000
2.497375000
2.507437500
2.515125000
2.610937500
2.618375000
2.629937500
2.639187500
2.649250000
2.659187500
2.669437500
2.679875000
2.690437500
2.701312500
2.712375000
2.723812500
2.735875000
2.748312500
2.762062500
2.775687500
2.789250000
2.803000000
2.816812500
2.830750000
