0.221625000
0.227062500
0.234000000
0.241125000
0.248687500
0.256187500
0.263625000
0.271250000
0.278875000
0.286562500
0.294375000
0.301750000
0.309812500
0.317812500
0.325812500
0.334125000
0.342062500
0.350000000
0.358000000
0.366375000
0.373875000
0.382000000
0.389437500
0.397000000
0.404500000
0.411937500
0.419000000
0.426687500
0.434125000
0.441562500
0.448875000
0.456437500
0.463500000
0.470750000
0.477750000
0.484812500
0.491937500
0.498937500
0.505875000
0.512937500
0.519562500
0.526312500
0.532812500
0.539937500
0.546812500
0.553562500
0.560625000
0.567875000
0.689625000
0.695375000
0.702625000
0.709500000
0.716625000
0.724125000
0.731687500
0.739000000
0.746437500
0.754500000
0.762625000
0.770625000
0.778812500
0.786187500
0.793500000
0.800750000
0.808375000
0.815812500
0.823500000
0.831375000
0.839062500
0.846687500
0.854000000
0.861937500
0.869250000
0.876937500
0.884125000
0.892000000
0.899562500
0.907312500
0.914812500
0.922687500
0.930000000
0.938250000
0.943250000
0.957750000
0.964437500
0.972187500
0.979375000
0.986687500
0.994187500
1.001312500
1.008750000
1.015500000
1.022687500
1.029562500
1.036562500
1.043937500
1.050875000
1.058062500
1.065375000
1.072437500
1.079750000
1.086812500
1.094375000
1.101687500
1.109375000
1.116812500
1.125062500
1.134500000
1.175437500
1.181062500
1.188250000
1.196625000
1.205187500
1.213875000
1.223000000
1.232062500
1.241312500
1.250375000
1.260187500
1.269375000
1.279062500
1.288062500
1.297812500
1.307562500
1.317312500
1.327062500
1.337437500
1.347000000
1.356750000
1.366312500
1.375750000
1.384750000
1.394062500
1.403500000
1.412375000
1.421500000
1.430375000
1.439437500
1.448875000
1.459625000
1.586062500
1.590437500
1.598187500
1.604937500
1.612187500
1.619375000
1.626812500
1.634312500
1.641812500
1.649312500
1.656937500
1.664687500
1.672437500
1.680000000
1.688125000
1.696062500
1.704187500
1.712062500
1.720187500
1.728187500
1.735937500
1.744062500
1.751937500
1.759875000
1.767812500
1.775687500
1.783187500
1.791437500
1.799250000
1.807250000
1.814937500
1.822625000
1.830500000
1.838312500
1.846187500
1.854125000
1.862187500
1.870250000
1.878437500
1.884937500
1.892812500
2.001125000
2.006312500
2.013812500
2.021500000
2.028875000
2.036625000
2.044437500
2.052437500
2.060437500
2.068312500
2.076562500
2.084562500
2.093062500
2.101437500
2.110125000
2.118625000
2.127375000
2.136000000
2.145000000
2.154062500
2.163250000
2.172250000
2.181687500
2.191125000
2.200125000
2.209812500
2.219250000
2.228875000
2.238375000
2.248500000
2.258187500
2.267937500
2.277687500
2.287500000
2.297187500
2.308000000
2.418437500
2.425250000
2.433937500
2.442125000
2.450500000
2.459187500
2.467687500
2.476375000
2.484937500
2.494250000
2.503375000
2.512750000
2.522000000
2.531125000
2.540437500
2.549687500
2.558750000
2.568062500
2.577375000
2.586562500
2.596062500
2.605562500
2.616000000
2.708625000
2.716875000
2.725375000
2.734437500
2.743625000
2.752812500
2.762500000
2.771937500
2.781562500
2.791250000
2.800812500
2.811062500
2.821312500
2.832000000
2.842625000
2.853625000
2.865187500
2.876875000
2.888812500
