0.095312500
0.137687500
0.228187500
0.234625000
0.241625000
0.249437500
0.256562500
0.264187500
0.272000000
0.279125000
0.287437500
0.295500000
0.303437500
0.311750000
0.319812500
0.328062500
0.336562500
0.345000000
0.353187500
0.361125000
0.369000000
0.376937500
0.384562500
0.392312500
0.399812500
0.407375000
0.414875000
0.422187500
0.429562500
0.436750000
0.443937500
0.450937500
0.457812500
0.464625000
0.471437500
0.478000000
0.484562500
0.491062500
0.497562500
0.504125000
0.510625000
0.517062500
0.523687500
0.530875000
0.674250000
0.679750000
0.687500000
0.693562500
0.699937500
0.706375000
0.712875000
0.719500000
0.726125000
0.732687500
0.739375000
0.746000000
0.752687500
0.759375000
0.766062500
0.772937500
0.779812500
0.786625000
0.793375000
0.800187500
0.807000000
0.813937500
0.820875000
0.827812500
0.834812500
0.841812500
0.848937500
0.855875000
0.863000000
0.870000000
0.877062500
0.884187500
0.891312500
0.898375000
0.905500000
0.912687500
0.919875000
0.927000000
0.934125000
0.941375000
0.948625000
0.955812500
0.963062500
0.970375000
0.977625000
0.985000000
0.992125000
0.999437500
1.006750000
1.014062500
1.021375000
1.028562500
1.035812500
1.043062500
1.050250000
1.057375000
1.064437500
1.071437500
1.078375000
1.085062500
1.091812500
1.098375000
1.105062500
1.111875000
1.118562500
1.125375000
1.132312500
1.139250000
1.146312500
1.153500000
1.160937500
1.168437500
1.176500000
1.184812500
1.193437500
1.202187500
1.211312500
1.220250000
1.229687500
1.238000000
1.248062500
1.255312500
1.265312500
1.274937500
1.283687500
1.294687500
1.303187500
1.313875000
1.325187500
1.331875000
1.339687500
1.350437500
1.359625000
1.369125000
1.377937500
1.387250000
1.396375000
1.405375000
1.414375000
1.423125000
1.431812500
1.440250000
1.448562500
1.456875000
1.466312500
1.475875000
1.527125000
1.533500000
1.540625000
1.548375000
1.556062500
1.564187500
1.572562500
1.580812500
1.588812500
1.596687500
1.604812500
1.612875000
1.621437500
1.629750000
1.643375000
1.653562500
1.661750000
1.688750000
1.694062500
1.704875000
1.709625000
1.720125000
1.726187500
1.734375000
1.741125000
1.748312500
1.755250000
1.762250000
1.769375000
1.776562500
1.783687500
1.791000000
1.798312500
1.805875000
1.814312500
1.823562500
1.833125000
1.838437500
1.847437500
1.854687500
1.863062500
1.870687500
1.878562500
1.887187500
1.895687500
1.904750000
1.913500000
1.922750000
1.931625000
1.940750000
1.949312500
1.959250000
2.083125000
2.087312500
2.096812500
2.106250000
2.115125000
2.124500000
2.134187500
2.143687500
2.153562500
2.163437500
2.174312500
2.184750000
2.196937500
2.206250000
2.220250000
2.229937500
2.245562500
2.261375000
2.277437500
2.288562500
2.299500000
2.315312500
2.323562500
