0.122687500
0.239562500
0.244687500
0.251312500
0.258375000
0.265500000
0.272687500
0.279750000
0.286812500
0.293937500
0.301125000
0.308625000
0.316500000
0.324812500
0.434625000
0.440937500
0.448250000
0.455125000
0.462062500
0.469187500
0.476312500
0.483437500
0.490625000
0.497937500
0.505500000
0.513250000
0.521187500
0.529500000
0.538187500
0.547312500
0.556750000
0.565812500
0.574187500
0.582500000
0.591187500
0.600937500
0.608000000
0.615812500
0.623687500
0.631562500
0.639187500
0.646937500
0.654875000
0.662750000
0.670812500
0.678937500
0.687000000
0.695125000
0.703312500
0.711625000
0.719812500
0.728062500
0.736312500
0.744750000
0.753250000
0.761750000
0.770437500
0.779125000
0.787937500
0.796750000
0.805562500
0.814500000
0.823437500
0.832312500
0.841250000
0.850312500
0.859312500
0.868375000
0.877562500
0.886687500
0.895937500
0.905125000
0.914500000
0.923687500
0.932750000
0.941687500
0.951000000
1.163250000
1.166937500
1.174312500
1.182500000
1.190375000
1.198375000
1.206375000
1.214250000
1.222250000
1.230187500
1.238312500
1.246500000
1.254750000
1.263000000
1.271250000
1.279562500
1.287812500
1.296000000
1.304375000
1.312625000
1.320937500
1.329125000
1.337437500
1.346937500
1.356937500
1.415437500
1.421000000
1.430812500
1.441250000
1.451750000
1.462187500
1.472312500
1.482562500
1.493062500
1.503750000
1.514437500
1.525000000
1.535812500
1.546187500
1.556812500
1.566875000
1.576687500
1.699062500
1.706875000
1.716250000
1.726187500
1.734875000
1.744250000
1.753562500
1.763500000
1.773500000
1.783937500
1.794562500
1.805437500
1.816687500
1.828312500
1.840187500
1.852375000
1.864750000
1.877562500
1.890375000
1.902750000
1.915750000
1.924375000
1.935375000
