0.257062500
0.264062500
0.273000000
0.280250000
0.287875000
0.295312500
0.303125000
0.311062500
0.319062500
0.327312500
0.335750000
0.344312500
0.352812500
0.361375000
0.369937500
0.378625000
0.387375000
0.396125000
0.404812500
0.413562500
0.422312500
0.431250000
0.440312500
0.449500000
0.458937500
0.468812500
0.479625000
0.487625000
0.504500000
0.509812500
0.515375000
0.523125000
0.532062500
0.540375000
0.549062500
0.559437500
0.634562500
0.642000000
0.649562500
0.657000000
0.664625000
0.672437500
0.680500000
0.688937500
0.697562500
0.705375000
0.713125000
0.721062500
0.729062500
0.737250000
0.745625000
0.754062500
0.762625000
0.771187500
0.779875000
0.788562500
0.797187500
0.805937500
0.814812500
0.823562500
0.832312500
0.841000000
0.849562500
0.858125000
0.866625000
0.875125000
0.883562500
0.891812500
0.900187500
0.908687500
0.917062500
0.925375000
0.933625000
0.942125000
0.950500000
0.959000000
0.967500000
0.976062500
0.984562500
0.993312500
1.001937500
1.010750000
1.019625000
1.028625000
1.037750000
1.046937500
1.056250000
1.065562500
1.075000000
1.084750000
1.094625000
1.104562500
1.114812500
1.124875000
1.135125000
1.145250000
1.154875000
1.164500000
1.173625000
1.183250000
1.206875000
1.211437500
1.217250000
1.223875000
1.232312500
1.240937500
1.249750000
1.258625000
1.267562500
1.276437500
1.285375000
1.294500000
1.303687500
1.312937500
1.322312500
1.331875000
1.341625000
1.351375000
1.361250000
1.371125000
1.381000000
1.390875000
1.400625000
1.410187500
1.419687500
1.429312500
1.440062500
1.451437500
1.463375000
1.475062500
1.487250000
1.499562500
1.511312500
1.522000000
1.532000000
1.541687500
1.550875000
1.560062500
1.568687500
1.577375000
1.586125000
1.594937500
1.603812500
1.612437500
1.621062500
1.629687500
1.638437500
1.647375000
1.656375000
1.665812500
1.675812500
1.685937500
1.695875000
1.705187500
1.714562500
1.724250000
1.733937500
1.743687500
1.753375000
1.763125000
1.772812500
1.782625000
1.792562500
1.802750000
1.813125000
1.823500000
1.833562500
1.843750000
1.853937500
1.864250000
1.874625000
1.884875000
1.895000000
1.905125000
1.915187500
1.925250000
1.935187500
1.945187500
1.955062500
1.964750000
1.974625000
1.983187500
1.992750000
2.002187500
2.011750000
2.021437500
2.031125000
2.040875000
2.050500000
2.060187500
2.070000000
2.080062500
2.090250000
2.100687500
2.111312500
2.122250000
2.133562500
2.144875000
2.156375000
2.167875000
2.179812500
2.190750000
2.204125000
