0.272125000
0.277437500
0.284500000
0.290500000
0.296562500
0.302687500
0.308687500
0.314937500
0.321187500
0.327625000
0.334312500
0.341375000
0.348875000
0.356812500
0.365187500
0.373312500
0.381562500
0.389812500
0.397875000
0.405937500
0.413812500
0.421875000
0.429625000
0.437312500
0.445625000
0.453250000
0.460687500
0.468125000
0.475625000
0.482875000
0.490500000
0.498562500
0.506750000
0.515875000
0.523937500
0.531500000
0.539437500
0.547687500
0.556000000
0.564375000
0.572875000
0.581500000
0.590500000
0.599625000
0.608875000
0.618250000
0.627812500
0.673125000
0.678437500
0.685812500
0.693875000
0.701437500
0.709312500
0.716750000
0.724437500
0.732187500
0.740062500
0.747437500
0.754562500
0.761750000
0.769062500
0.776250000
0.783437500
0.790250000
0.796812500
0.803562500
0.810312500
0.817312500
0.824312500
0.831500000
0.839062500
0.847000000
0.957562500
0.962000000
0.968562500
0.975062500
0.981562500
0.988062500
0.994625000
1.001250000
1.007937500
1.014750000
1.021625000
1.028562500
1.035687500
1.042875000
1.049875000
1.057500000
1.065187500
1.073000000
1.081187500
1.090250000
1.112750000
1.119375000
1.126687500
1.133812500
1.140812500
1.148062500
1.155562500
1.163250000
1.170875000
1.178875000
1.186437500
1.193937500
1.201500000
1.209125000
1.216812500
1.224500000
1.232250000
1.239937500
1.247625000
1.255312500
1.262937500
1.270562500
1.278125000
1.285750000
1.293312500
1.300812500
1.308125000
1.315562500
1.323250000
1.330750000
1.338562500
1.346187500
1.354437500
1.363000000
1.371937500
1.380187500
1.388500000
1.396562500
1.404687500
1.411937500
1.420125000
1.427625000
1.434937500
1.442437500
1.449812500
1.457312500
1.464812500
1.472437500
1.480312500
1.488375000
1.496687500
1.505250000
1.514125000
1.523250000
1.532687500
1.542562500
1.552000000
1.562625000
1.570437500
1.582062500
1.591312500
1.602937500
1.612375000
1.624312500
1.633562500
1.647500000
1.656250000
1.668437500
1.678250000
1.688750000
1.698937500
1.709250000
1.719250000
1.728875000
1.739437500
1.751500000
1.761625000
1.772312500
1.784000000
1.795187500
1.805812500
1.815375000
1.824250000
1.832562500
1.840687500
1.848812500
1.857125000
1.865375000
1.873812500
1.885125000
1.933500000
1.939937500
1.949375000
1.958687500
1.968125000
1.978375000
1.987687500
1.996750000
2.005687500
2.014562500
2.023562500
2.032562500
2.041562500
2.050750000
2.059750000
2.068562500
2.077062500
2.085812500
2.094375000
2.103125000
2.111937500
2.120750000
2.129687500
2.138625000
2.147625000
2.156687500
2.165937500
2.175687500
2.185062500
2.195000000
2.204687500
2.215062500
2.225312500
2.236250000
2.246625000
2.258625000
2.268812500
2.284562500
2.305250000
2.333750000
