0.235750000
0.239375000
0.255500000
0.261937500
0.267812500
0.274062500
0.280812500
0.288125000
0.295125000
0.302187500
0.309062500
0.316125000
0.323125000
0.330125000
0.337125000
0.344250000
0.351312500
0.358375000
0.365375000
0.372500000
0.379500000
0.386687500
0.393750000
0.401062500
0.408312500
0.415625000
0.423125000
0.430812500
0.438187500
0.446187500
0.454500000
0.462937500
0.471562500
0.480437500
0.489562500
0.498875000
0.508562500
0.518187500
0.528062500
0.537875000
0.547687500
0.557562500
0.567562500
0.577437500
0.587562500
0.598000000
0.608500000
0.619437500
0.629437500
0.637125000
0.831625000
0.838250000
0.842750000
0.849125000
0.854812500
0.861562500
0.867875000
0.875187500
0.882187500
0.890750000
0.898750000
0.906625000
0.914312500
0.922000000
0.930000000
0.937750000
0.945437500
0.953250000
0.960812500
0.968625000
0.976312500
0.984125000
0.991937500
0.999875000
1.007687500
1.015437500
1.023187500
1.030812500
1.038562500
1.046062500
1.053375000
1.061000000
1.068312500
1.076000000
1.083625000
1.091250000
1.098937500
1.106625000
1.114437500
1.122375000
1.130562500
1.139062500
1.147687500
1.156687500
1.166062500
1.176000000
1.181437500
1.189875000
1.197562500
1.205687500
1.214000000
1.222312500
1.230687500
1.238687500
1.246812500
1.254875000
1.263125000
1.271000000
1.279187500
1.287062500
1.295062500
1.303125000
1.311125000
1.319125000
1.327312500
1.335875000
1.344250000
1.352750000
1.538500000
1.544937500
1.553000000
1.560937500
1.568687500
1.576562500
1.584437500
1.592375000
1.600437500
1.608625000
1.617125000
1.785375000
1.790312500
1.798500000
1.806937500
1.816187500
1.827062500
1.987812500
1.992812500
1.999937500
2.007687500
2.014937500
2.022500000
2.030187500
2.037625000
2.045437500
2.053000000
2.060687500
2.068500000
2.076437500
2.084187500
2.092187500
2.100312500
2.108937500
2.117937500
2.339312500
2.347062500
2.356125000
2.365625000
2.375500000
2.385562500
2.395250000
2.405437500
2.415687500
2.425562500
2.435500000
2.445687500
2.455687500
2.466000000
2.476500000
2.486750000
2.497187500
2.507437500
2.517687500
2.528375000
2.539187500
2.550312500
2.561375000
2.572750000
2.583437500
2.594187500
2.605625000
2.616562500
2.627437500
2.639250000
2.651250000
2.663375000
2.677562500
