0.109800
0.129175
0.228925
0.236613
0.244800
0.252675
0.260738
0.268550
0.276613
0.284675
0.292800
0.301113
0.309175
0.317238
0.325300
0.333550
0.341613
0.349800
0.357800
0.365863
0.373863
0.381800
0.389675
0.397550
0.405300
0.412988
0.420488
0.427925
0.435238
0.442488
0.449613
0.456675
0.463613
0.470425
0.477175
0.483800
0.490300
0.496800
0.503113
0.509425
0.515613
0.521738
0.527737
0.533675
0.539550
0.545362
0.551175
0.557050
0.562800
0.568550
0.574300
0.580050
0.585863
0.591675
0.597488
0.603363
0.609363
0.615300
0.621363
0.627550
0.633800
0.640300
0.647238
0.654737
0.712863
0.719363
0.725800
0.732237
0.738550
0.744300
0.750300
0.756487
0.762613
0.768863
0.775112
0.781363
0.787550
0.793863
0.800113
0.806425
0.812738
0.819113
0.825550
0.831987
0.838550
0.845175
0.851800
0.858550
0.865300
0.872113
0.878925
0.885738
0.892675
0.899675
0.906800
0.914050
0.921362
0.928800
0.936425
0.944175
0.952050
0.959987
0.968113
0.976237
0.984425
0.992675
1.000925
1.009238
1.017550
1.025988
1.034488
1.043175
1.051738
1.060488
1.069300
1.078050
1.087050
1.096113
1.105363
1.114800
1.124863
1.134738
1.151050
1.161925
1.167863
1.175175
1.183425
1.191675
1.199800
1.207988
1.216175
1.224363
1.232425
1.240425
1.248300
1.256175
1.263988
1.271800
1.279675
1.287613
1.295613
1.303675
1.311800
1.319925
1.328175
1.336613
1.345112
1.353550
1.361988
1.370362
1.378550
1.386550
1.394675
1.403425
1.537863
1.543488
1.550988
1.558675
1.566738
1.574925
1.582738
1.590863
1.598988
1.607363
1.615988
1.624800
1.633863
1.643050
1.652800
1.663113
1.674238
1.685925
1.699488
1.715050
1.732738
1.751175
