0.257500000
0.271062500
0.275562500
0.282937500
0.290062500
0.297312500
0.304812500
0.312500000
0.320250000
0.328187500
0.336437500
0.345125000
0.353312500
0.361812500
0.370187500
0.378187500
0.386062500
0.393875000
0.401500000
0.409062500
0.416625000
0.424250000
0.431562500
0.439437500
0.446687500
0.454312500
0.461875000
0.469125000
0.476062500
0.483250000
0.490375000
0.497812500
0.505187500
0.512750000
0.520312500
0.527875000
0.534625000
0.541625000
0.549000000
0.556062500
0.563125000
0.570250000
0.577312500
0.584562500
0.591875000
0.599625000
0.608250000
0.617500000
0.775500000
0.781937500
0.788687500
0.795437500
0.802250000
0.808937500
0.815812500
0.823125000
0.830187500
0.837375000
0.844562500
0.851750000
0.859000000
0.866250000
0.873500000
0.880687500
0.887875000
0.895062500
0.902312500
0.909500000
0.916750000
0.924437500
0.932500000
0.940937500
0.949687500
0.985312500
0.994187500
1.000500000
1.008312500
1.016562500
1.024812500
1.033250000
1.041812500
1.050500000
1.059000000
1.068062500
1.077000000
1.086062500
1.095312500
1.104875000
1.115187500
1.188500000
1.194125000
1.202375000
1.211625000
1.220625000
1.229562500
1.238812500
1.247937500
1.257437500
1.266750000
1.276250000
1.285375000
1.294125000
1.302687500
1.311687500
1.320312500
1.329312500
1.337812500
1.346437500
1.355437500
1.363812500
1.372500000
1.381187500
1.390250000
1.399000000
1.407812500
1.416812500
1.425937500
1.435437500
1.445375000
1.455937500
1.467250000
1.479687500
1.493250000
1.508437500
1.524750000
1.541437500
1.558625000
1.575562500
1.598125000
1.604937500
