0.214125000
0.221437500
0.233062500
0.237562500
0.242187500
0.246875000
0.251625000
0.256562500
0.261250000
0.266000000
0.271000000
0.275937500
0.280562500
0.285750000
0.290500000
0.295125000
0.299812500
0.304437500
0.308500000
0.313062500
0.319000000
0.326187500
0.333812500
0.341750000
0.349750000
0.357750000
0.365750000
0.373500000
0.381250000
0.388937500
0.396562500
0.404187500
0.411812500
0.419375000
0.426875000
0.434250000
0.441687500
0.449187500
0.456687500
0.464187500
0.471750000
0.479312500
0.486875000
0.494437500
0.501937500
0.509375000
0.516875000
0.524375000
0.531937500
0.539625000
0.547062500
0.555062500
0.562750000
0.570812500
0.578687500
0.586625000
0.594812500
0.601625000
0.608625000
0.615062500
0.620875000
0.625437500
0.699062500
0.702812500
0.710625000
0.725062500
0.734437500
0.744562500
0.753500000
0.762375000
0.770937500
0.779500000
0.787875000
0.796125000
0.804375000
0.812562500
0.820812500
0.829000000
0.837312500
0.845687500
0.854125000
0.862562500
0.870937500
0.879312500
0.887625000
0.895875000
0.904187500
0.912500000
0.920750000
0.929000000
0.937312500
0.945562500
0.953562500
0.962062500
0.971062500
1.084000000
1.090375000
1.098312500
1.106687500
1.115812500
1.124250000
1.132437500
1.140875000
1.149500000
1.158375000
1.167312500
1.176437500
1.185500000
1.194562500
1.203562500
1.212437500
1.221187500
1.230000000
1.238937500
1.248500000
1.257750000
1.268187500
1.328312500
1.333562500
1.341062500
1.349687500
1.358562500
1.367500000
1.376437500
1.385562500
1.394750000
1.404000000
1.413312500
1.422625000
1.431937500
1.441250000
1.450687500
1.459750000
1.468562500
1.477312500
1.485937500
1.494812500
1.504125000
1.510875000
