0.126187500
0.241625000
0.257187500
0.262312500
0.270062500
0.278750000
0.288062500
0.431687500
0.437687500
0.445562500
0.453062500
0.460750000
0.468312500
0.476062500
0.483625000
0.491312500
0.498937500
0.506500000
0.514125000
0.521812500
0.529750000
0.537375000
0.545062500
0.553312500
0.676125000
0.681437500
0.690375000
0.697187500
0.704750000
0.712750000
0.720375000
0.728250000
0.736250000
0.744125000
0.752187500
0.760250000
0.768812500
0.777750000
0.786437500
0.795312500
0.803625000
0.811562500
0.819687500
0.886375000
0.892875000
0.900062500
0.908125000
0.916312500
0.924562500
0.932812500
0.941187500
0.949625000
0.958125000
0.966625000
0.975187500
0.983875000
0.992562500
1.001375000
1.010312500
1.019500000
1.028625000
1.037812500
1.046875000
1.056062500
1.065250000
1.074625000
1.083875000
1.093375000
1.102625000
1.111687500
1.120687500
1.129187500
1.214562500
1.221875000
1.231437500
1.241562500
1.251000000
1.260562500
1.270312500
1.279937500
1.289250000
1.299687500
1.309750000
1.319937500
1.330125000
1.340937500
1.350687500
1.360437500
1.369687500
1.379125000
1.388875000
1.398000000
1.409937500
1.512812500
1.518187500
1.527000000
1.535375000
1.544062500
1.552812500
1.561812500
1.571250000
1.581062500
1.591312500
1.602062500
1.613062500
1.623875000
1.635500000
1.646562500
1.656187500
1.667937500
1.676875000
1.686500000
