0.257250000
0.261750000
0.269875000
0.276250000
0.284312500
0.290750000
0.297625000
0.304625000
0.311812500
0.319062500
0.326000000
0.333187500
0.340562500
0.347750000
0.355062500
0.362437500
0.369687500
0.376937500
0.384250000
0.391375000
0.398562500
0.405812500
0.413000000
0.420125000
0.427187500
0.434187500
0.441125000
0.448125000
0.455125000
0.461875000
0.468812500
0.475812500
0.482687500
0.489562500
0.496437500
0.503375000
0.510312500
0.517375000
0.524500000
0.531812500
0.539375000
0.546937500
0.554687500
0.562437500
0.570250000
0.578187500
0.586312500
0.594750000
0.652000000
0.658937500
0.666750000
0.674812500
0.682937500
0.691187500
0.699437500
0.707812500
0.716062500
0.724062500
0.732312500
0.740562500
0.749000000
0.757375000
0.765500000
0.773500000
0.781375000
0.788937500
0.796562500
0.804312500
0.812187500
0.819812500
0.827500000
0.835250000
0.843000000
0.850687500
0.858500000
0.866187500
0.874062500
0.881875000
0.889875000
0.897875000
0.906062500
0.914437500
0.922875000
0.931437500
0.940000000
0.948625000
0.957375000
0.966250000
0.975062500
0.984187500
0.993312500
1.002437500
1.011625000
1.021000000
1.030437500
1.039750000
1.049250000
1.058687500
1.068062500
1.077500000
1.086937500
1.264437500
1.271125000
1.279125000
1.286750000
1.294562500
1.302375000
1.310250000
1.318312500
1.326125000
1.334062500
1.341937500
1.349937500
1.357750000
1.365750000
1.373750000
1.381937500
1.390062500
1.398375000
1.406750000
1.415125000
1.423812500
1.432437500
1.441187500
1.450062500
1.459000000
1.468375000
1.477437500
1.485062500
1.492500000
1.552812500
1.558000000
1.570750000
1.575125000
1.583750000
1.592500000
1.600375000
1.609375000
1.617437500
1.626125000
1.634500000
1.643000000
1.651625000
1.660312500
1.669187500
1.678312500
1.687312500
1.696375000
1.705312500
1.714312500
1.723187500
1.732187500
1.741000000
1.749875000
1.758562500
1.767312500
1.776062500
1.785437500
1.795875000
1.905000000
1.912000000
1.920062500
1.928062500
1.936000000
1.944125000
1.952375000
1.960750000
1.969312500
1.978000000
1.987062500
1.995687500
2.004500000
2.012812500
2.020937500
2.029250000
2.037812500
2.046562500
2.055500000
2.064812500
2.074250000
2.083375000
2.091687500
2.101375000
2.111000000
2.271750000
2.278812500
2.287062500
2.295562500
2.304812500
2.313375000
2.321875000
2.330750000
2.339812500
2.349375000
2.359250000
2.369625000
2.380187500
2.391000000
2.401750000
2.412437500
2.423562500
2.434625000
2.444875000
2.457125000
2.467125000
2.478937500
2.491187500
2.501812500
