0.024250000
0.221000000
0.226375000
0.231500000
0.238875000
0.246750000
0.254937500
0.263375000
0.271750000
0.280125000
0.288687500
0.296812500
0.305125000
0.313437500
0.321812500
0.330562500
0.338187500
0.346062500
0.353875000
0.361562500
0.369625000
0.377062500
0.384687500
0.391562500
0.398750000
0.405687500
0.413062500
0.420125000
0.427437500
0.435312500
0.443250000
0.450875000
0.459000000
0.466625000
0.474000000
0.482125000
0.489937500
0.497750000
0.505125000
0.513062500
0.520750000
0.528562500
0.535562500
0.542750000	
0.601125000
0.607187500
0.614250000
0.621750000
0.628750000
0.636250000
0.643187500
0.650812500
0.657875000
0.665500000
0.672625000
0.679812500
0.687437500
0.694687500
0.701937500
0.708937500
0.716312500
0.723812500
0.731000000
0.738500000
0.746187500
0.753625000
0.760937500
0.768187500
0.776000000
0.783812500
0.825625000
0.830187500
0.836375000
0.843437500
0.850750000
0.858000000
0.865187500
0.872437500
0.879562500
0.887125000
0.894500000
0.901875000
0.908750000
0.916062500
0.923562500
0.930500000
0.937500000
0.944750000
0.952062500
0.959937500
0.968000000
0.977125000
0.982312500
1.025937500
1.032312500
1.039687500
1.047187500
1.055000000
1.062500000
1.069937500
1.077750000
1.085312500
1.092625000
1.100562500
1.108000000
1.115375000
1.123125000
1.130500000
1.137937500
1.145437500
1.152687500
1.160000000
1.167562500
1.174937500
1.182875000
1.190875000
1.199250000
1.208187500
1.215062500	
1.269437500
1.275500000
1.282875000
1.290375000
1.298312500
1.305812500
1.313937500
1.321750000
1.329562500
1.337375000
1.345250000
1.353250000
1.361000000
1.369125000
1.376937500
1.385000000
1.392812500
1.401125000
1.409500000
1.416062500
1.578625000
1.584437500
1.592687500
1.601437500
1.611125000
1.621687500
1.631125000
1.641312500
1.650812500
1.661000000
1.671187500
1.681375000
1.692125000
1.702437500
1.711687500
1.723625000
1.732750000
1.745812500
1.754812500
1.767812500
1.777937500
1.790312500
1.799875000
1.812687500
1.823000000
1.833625000