0.075987
0.095175
0.239237
0.251675
0.259050
0.264988
0.270613
0.275550
0.280863
0.285988
0.291613
0.296925
0.303550
0.310550
0.318675
0.326738
0.334863
0.343175
0.351488
0.359613
0.367800
0.376175
0.384800
0.393113
0.519738
0.525050
0.531613
0.537863
0.544175
0.550737
0.557488
0.564238
0.571050
0.577925
0.584738
0.591550
0.598425
0.605237
0.612175
0.618988
0.625925
0.632862
0.639800
0.647238
0.655112
0.662988
0.671550
0.698925
0.704238
0.711300
0.718550
0.725925
0.733300
0.740738
0.748300
0.755988
0.763675
0.771550
0.779613
0.787613
0.795675
0.803737
0.811800
0.819800
0.827675
0.835675
0.843738
0.851800
0.859988
0.868425
0.877175
0.885800
0.894300
0.902175
0.976237
0.981425
0.988050
0.995238
1.002425
1.009738
1.017113
1.024425
1.031863
1.039300
1.046738
1.054175
1.061613
1.069175
1.076613
1.084113
1.091613
1.099175
1.106675
1.114238
1.121800
1.129425
1.137050
1.144863
1.152738
1.160675
1.168925
1.177613
1.186925
1.232863
1.240613
1.248800
1.257113
1.265925
1.275488
1.285550
1.326613
1.331550
1.336925
1.343863
1.351363
1.359613
1.367987
1.376362
1.384925
1.393550
1.402300
1.411113
1.419925
1.428862
1.437863
1.446862
1.455800
1.464863
1.473737
1.482550
1.491300
1.500863
1.610113
1.616800
1.623675
1.631425
1.639050
1.646800
1.654738
1.662675
1.670550
1.678425
1.686363
1.694363
1.702300
1.710175
1.718050
1.725863
1.733613
1.741488
1.749362
1.757300
1.765238
1.773425
1.781800
1.790300
1.798925
1.807738
1.816738
1.825800
1.835175
1.844613
1.854300
1.864050
1.874362
1.884175
1.894613
1.904738
1.915300
1.926050
1.936425
1.946050
1.956675
2.163425
2.222425
2.227238
2.234550
2.242175
2.250488
2.259113
2.268050
2.277363
2.286925
2.296863
2.307488
2.318175
2.330175
2.342363
2.357863
2.385800
