0.036550
0.220300
0.227237
0.234800
0.242550
0.250613
0.259050
0.267175
0.276300
0.285988
0.296738
0.304863
0.328175
0.337300
0.347300
0.355675
0.363550
0.371050
0.378425
0.385738
0.392925
0.400238
0.407613
0.415113
0.422800
0.430863
0.439300
0.447863
0.456738
0.465738
0.474800
0.483800
0.491550
0.519363
0.535175
0.540300
0.549113
0.555488
0.563050
0.570738
0.578800
0.586612
0.594675
0.602675
0.610613
0.618487
0.626238
0.633738
0.641112
0.648487
0.656050
0.664175
0.672800
0.787363
0.794800
0.802300
0.810050
0.817800
0.825863
0.834175
0.842550
0.851050
0.859675
0.868425
0.877363
0.936987
0.942613
0.949238
0.955987
0.962738
0.969425
0.976050
0.982550
0.988925
0.995300
1.001613
1.007863
1.014175
1.020550
1.026863
1.033238
1.039675
1.046175
1.052800
1.059738
1.066800
1.074050
1.082175
1.086613
1.092737
1.099488
1.106675
1.114113
1.121987
1.129863
1.137925
1.146050
1.154300
1.162613
1.170862
1.179237
1.187675
1.196300
1.205113
1.214050
1.223175
1.232550
1.241988
1.251613
1.261425
1.271238
1.280987
1.290738
1.300363
1.309862
1.318738
1.329300
1.456300
1.462738
1.470050
1.477425
1.485050
1.492550
1.500050
1.507738
1.515550
1.523800
1.532550
1.541363
1.550738
1.560738
1.571238
1.582238
1.593800
1.605300
1.616925
1.628800
