0.115812500
0.143437500
0.155812500
0.237937500
0.245375000
0.255750000
0.262000000
0.268937500
0.276375000
0.284500000
0.293187500
0.301812500
0.434062500
0.438562500
0.445375000
0.452687500
0.459125000
0.465937500
0.472625000
0.479375000
0.486125000
0.493000000
0.501062500
0.507375000
0.707687500
0.714625000
0.721375000
0.728312500
0.735062500
0.742062500
0.748937500
0.756125000
0.763437500
0.771000000
0.778750000
0.786812500
0.795375000
0.804375000
0.813250000
0.827937500
0.852437500
0.858187500
0.865250000
0.872812500
0.880437500
0.888000000
0.895625000
0.903375000
0.911125000
0.918937500
0.926812500
0.934625000
0.942437500
0.950250000
0.957937500
0.965625000
0.973312500
0.981125000
0.988812500
0.996562500
1.004250000
1.011937500
1.019687500
1.027437500
1.035375000
1.043375000
1.051625000
1.060062500
1.068625000
1.077312500
1.086375000
1.095250000
1.104625000
1.113562500
1.122562500
1.131812500
1.140875000
1.150500000
1.161000000
1.170500000
1.180937500
1.190812500
1.200812500
1.210500000
1.220062500
1.229500000
1.238500000
1.247187500
1.256000000
1.262312500
1.345625000
1.353500000
1.362875000
1.371062500
1.379875000
1.388500000
1.397125000
1.405875000
1.414812500
1.423750000
1.432750000
1.441562500
1.450500000
1.459500000
1.468312500
1.477187500
1.486062500
1.494937500
1.503812500
1.512625000
1.521312500
1.530250000
1.539125000
1.547875000
1.556875000
1.565562500
1.574187500
1.582250000
1.590312500
1.598062500
1.606000000
1.613812500
1.621937500
1.629812500
1.637625000
1.645375000
1.653250000
1.661000000
1.668812500
1.676687500
1.684750000
1.692750000
1.701125000
1.709375000
1.718062500
1.727750000
1.822375000
1.845937500
1.858437500
1.935500000
1.939312500
1.945187500
1.951937500
1.961937500
1.970687500
1.979187500
1.987562500
1.995875000
2.004250000
2.013500000
2.021562500
2.118937500
2.126000000
2.133687500
2.142000000
2.150812500
2.159937500
2.168375000
2.176937500
2.185562500
2.194000000
2.202750000
2.211500000
2.220187500
2.228937500
2.237750000
2.246500000
2.255312500
2.264187500
2.273062500
2.281875000
2.290687500
2.299437500
2.308312500
2.317500000
2.327375000
2.346062500
2.351750000
2.359000000
2.367375000
2.376312500
2.385375000
2.394125000
2.403187500
2.412062500
2.420937500
2.429687500
2.438437500
2.446937500
2.456000000
2.464375000
2.473312500
2.482937500
2.493375000
2.501875000
2.512687500
2.521750000
2.533375000
2.541750000
2.557250000
2.562750000
2.569687500
2.586562500
2.594125000
2.615812500
2.620500000
2.630687500
