0.216290484656698
0.222873271300760
0.230240124243032
0.237486187508279
0.244883694755289
0.252272312264559
0.259715701574602
0.267213860385540
0.274870621922453
0.282788245712262
0.291148451115090
0.299224546262467
0.306995993333487
0.316833205995931
0.323569850527713
0.337717747697153
0.342122714034272
0.357894831265264
0.364078653838647
0.371677978353516
0.378298171110814
0.385944175582005
0.393599810428298
0.400756292187101
0.408152609235221
0.415557406016736
0.422626977751325
0.430463222467924
0.438552353328434
0.446976100417219
0.455622766654048
0.524557680071970
0.529433248408616
0.536951369281198
0.543874887487838
0.551349237668833
0.558322544819455
0.565440952718797
0.572687667009068
0.580094867090484
0.587385982267694
0.594845839928235
0.601802387325507
0.609464138008884
0.616308087462388
0.623874883917432
0.630867941276317
0.637999696883104
0.645234968635706
0.652118311721880
0.659022934637067
0.665862075061691
0.672868474621196
0.680070342947955
0.686992228444728
0.694131342520589
0.700929453291633
0.707594886075247
0.714435332287318
0.721208380285333
0.728231473787760
0.735250298318523
0.742279111403957
0.749389518080453
0.756663970561263
0.764040450854251
0.771401258077343
0.779099231166713
0.786724640700673
0.794707510845714
0.802573056078151
0.810813756757548
0.819322483981618
0.827726699908065
0.836186539750501
0.844572030754086
0.852765216638457
0.861045007737373
0.869201040559856
0.877198466372586
0.885272969184453
0.893377055943169
0.901144182999513
0.909008202262167
0.916756698989395
0.924394037175449
0.931984935876422
0.939570241194868
0.947283731361583
0.954825930836731
0.962404455729694
0.969938466637759
0.977491934295297
0.985054786241793
0.992647055746851
1.00030323950565
1.00785134253927
1.01548791143951
1.02293974639779
1.03056128677344
1.03813104663147
1.04597894357391
1.05362481552243
1.06130854991458
1.06916039887097
1.07725335440115
1.08585845541567
1.22056137580058
1.22721797965185
1.23464146485941
1.24183604202701
1.24925573463659
1.25656824787829
1.26386860228655
1.27149354785280
1.27880065697720
1.28617277518591
1.29359365907283
1.30107812201674
1.30876356234067
1.31668723041388
1.32474894302780
1.33290885968693
1.34140809287669
1.35030521758541
1.35927592573780
1.36807981627044
1.37700253987128
1.38610438791091
1.39513074631469
1.40454149556539
1.41321946739746
1.42311239394610
1.43256867113296
1.43944754843826
1.44763640327180
1.63316423323016
1.64466766663456
1.65148137992794
1.65951986759239
1.66720811450893
1.67530756787838
1.68374747283908
1.69179598519751
1.69990730878103
1.70824692777933
1.71635853376065
1.72479809478823
1.73319703026398
1.74188507001513
1.76917874273893
1.77501452960003
1.78241041502223
1.79113017737405
1.79962569450022
1.80829637663084
1.81687630077804
1.82520110347739
1.83374435923870
1.84216008873112
1.85037273188933
1.85852567517320
1.86660760853500
1.87434841364103
1.88213177090775
1.88979558703229
1.89738300223646
1.90497485361225
1.91233942480441
1.92001748610683
1.92738307869614
1.93497975642205
1.94251852992409
1.95023125994138
1.95790398714519
1.96552033538531
1.97330376105452
1.98093889725885
1.98887281498857
1.99665183103239
2.00471598734081
2.01257945315516
2.02041715475992
2.02837804986633
2.03616964693551
2.04406631616384
2.05189143852938
2.05975859494288
2.06773677259179
2.07561174291517
2.08351385962793
2.09155796745899
2.09925989538759
2.10757199499452
2.11593277033604
2.12634050076744
2.23966737225980
2.24623129191727
2.25354622532307
2.26196691749027
2.26902035995335
2.27676026718068
2.28507217146822
2.29307479515199
2.30117072576290
2.30960330420605
2.31810054803049
2.32655019824692
2.33508298578454
2.34364995239919
2.35253206465968
2.35709125248895
2.36109743360620
2.36989286983226
2.37907986291861
2.38814936216858
2.39708478199849
2.40605700612620
2.41520771113098
2.42426686047364
2.43351966167720
2.44280259022603
2.45152831467562
2.46153652639370
2.47084462509109
2.48044066470260
2.48988750630371
2.49917998181297
2.50874607851628
2.51796432134778
2.52774754086957
2.53653197825671
2.54668128731849
2.55599331331304
2.56540160618877
2.57492174263038
2.58451356806781
2.59405902397190
2.60294166701858
2.61200926305865
2.62043745560991
2.63117968581804
2.63897299501914
2.64840899313354