0.122925
0.223488
0.231237
0.238487
0.247612
0.255925
0.265050
0.273050
0.282113
0.290425
0.299300
0.307988
0.316738
0.325550
0.334425
0.343300
0.352300
0.361175
0.370175
0.378988
0.387738
0.396488
0.405300
0.413925
0.422550
0.431175
0.439675
0.448238
0.457175
0.466863
0.476300
0.484550
0.492550
0.499925
0.523300
0.528613
0.535863
0.543362
0.550613
0.557738
0.564800
0.571738
0.578612
0.585425
0.592113
0.598863
0.605550
0.612237
0.618988
0.625675
0.632425
0.639050
0.645487
0.651800
0.658238
0.664675
0.671175
0.677800
0.684550
0.691738
0.699238
0.707675
0.715925
0.723113
0.730300
0.737300
0.744175
0.750988
0.757862
0.764925
0.772425
0.779988
0.787863
0.796113
0.804800
0.813800
0.823863
0.833300
0.842863
0.852675
0.862613
0.872800
0.883112
0.893487
0.904050
0.914800
0.925675
0.937175
0.948425
0.960800
0.979237
1.146238
1.165988
1.170300
1.178800
1.188487
1.197738
1.206675
1.215488
1.224425
1.233300
1.242113
1.250925
1.259550
1.268238
1.276863
1.285363
1.293800
1.302175
1.310425
1.318675
1.326800
1.334800
1.342675
1.350488
1.358175
1.365863
1.373488
1.380988
1.388300
1.395550
1.402675
1.409800
1.416800
1.423738
1.430613
1.437425
1.444300
1.451175
1.458363
1.466112
1.474425
1.582300
1.588550
1.595238
1.601988
1.608737
1.615425
1.622050
1.628613
1.635113
1.641800
1.648488
1.655237
1.661925
1.668675
1.675425
1.682175
1.688988
1.695800
1.702613
1.709488
1.716363
1.723238
1.730238
1.737300
1.744425
1.751613
1.758800
1.766050
1.773300
1.780550
1.787800
1.795113
1.802550
1.809862
1.817238
1.824550
1.831925
1.839300
1.846675
1.854113
1.861613
1.869175
1.876988
1.884925
1.893050
1.909175
1.923612
1.929300
1.936425
1.943613
1.950862
1.958112
1.965425
1.972738
1.980175
1.987613
1.995113
2.002675
2.010300
2.018050
2.025987
2.034113
2.042550
2.051112
2.059988
2.068925
2.077987
2.087175
2.096425
2.105863
2.115362
2.124862
2.134612
2.144425
2.154300
2.164363
2.174550
2.184675
2.194675
2.204300
2.213425
2.222425
2.231175
2.241175
2.273300
2.280425
2.288300
2.296300
2.304550
2.312925
2.321613
2.330425
2.338862
2.347363
2.355987
2.364863
2.374862
2.500675
2.507363
2.514988
2.522863
2.530988
2.539425
2.548675
2.557488
2.566113
2.574675
2.583238
2.591737
2.600175
2.608738
2.617175
2.625675
2.634175
2.642800
2.651362
2.659988
2.668675
2.677363
2.686175
2.695050
2.704050
2.713050
2.722237
2.731488
2.740925
2.750488
2.760362
2.770488
2.781175
2.792362
2.804238
2.817300
2.830862
2.846363
2.863363
2.882175
2.900425
2.923738
2.930363
2.954800
2.960300
