0.091863
0.232363
0.239987
0.248050
0.255738
0.263613
0.271363
0.279113
0.286738
0.294238
0.301613
0.308863
0.315988
0.323113
0.330238
0.337363
0.344550
0.351800
0.359113
0.366550
0.374238
0.381988
0.389800
0.397988
0.406363
0.415050
0.423863
0.433050
0.442675
0.452550
0.462925
0.473925
0.485238
0.496175
0.507738
0.729925
0.735862
0.741988
0.748238
0.753925
0.761550
0.769238
0.776988
0.784988
0.793175
0.801550
0.810238
0.818987
0.827488
0.835113
0.842237
0.849612
0.857550
0.865550
0.873613
0.881550
0.889425
0.897425
0.905300
0.912988
0.920925
0.929362
1.059487
1.065800
1.072300
1.079238
1.086363
1.093487
1.100613
1.107738
1.114863
1.122050
1.129175
1.136362
1.143550
1.150738
1.157987
1.165363
1.172800
1.180363
1.187925
1.195488
1.202988
1.210550
1.218175
1.225863
1.233613
1.241362
1.249113
1.256800
1.264363
1.271925
1.279488
1.287113
1.294738
1.302363
1.310113
1.317800
1.325425
1.333175
1.340925
1.348737
1.356675
1.364800
1.372737
1.381488
1.418862
1.425237
1.432613
1.439988
1.447300
1.454550
1.461800
1.469113
1.476488
1.483863
1.491362
1.498800
1.506175
1.513550
1.520987
1.528550
1.536175
1.543862
1.551675
1.559550
1.567613
1.575800
1.584175
1.592737
1.601488
1.610175
1.618988
1.627863
1.637550
1.743050
1.749362
1.758113
1.764612
1.774175
1.781550
1.790863
1.798988
1.807363
1.815675
1.824175
1.832550
1.841238
1.849863
1.858362
1.866925
1.875550
1.884238
1.892925
1.901925
1.911488
1.973300
1.979550
1.986175
1.994175
2.002113
2.010175
2.018425
2.026800
2.035175
2.043487
2.051800
2.059988
2.068113
2.076175
2.084112
2.092050
2.099988
2.107863
2.115800
2.123800
2.131863
2.140050
2.148738
2.158550
2.256425
2.263425
2.273425
2.283488
2.293862
2.304613
2.315738
2.326925
2.338487
2.350363
2.363113
