0.216250
0.221938
0.230313
0.238438
0.246625
0.254813
0.263000
0.271125
0.279313
0.287625
0.296063
0.304625
0.313063
0.321500
0.329813
0.338000
0.346313
0.354687
0.362938
0.371188
0.379375
0.387562
0.395750
0.403813
0.411813
0.419625
0.427312
0.434937
0.442437
0.450062
0.457938
0.465625
0.573000
0.578750
0.587187
0.592938
0.600563
0.607625
0.614750
0.622000
0.629437
0.636875
0.644375
0.651875
0.659375
0.666875
0.674375
0.681937
0.689562
0.697250
0.704875
0.712562
0.720250
0.727938
0.735688
0.743563
0.751625
0.760062
0.768938
0.776375
0.785563
0.794250
0.802438
0.810562
0.818438
0.826250
0.833875
0.841375
0.848938
0.856625
0.864437
0.872375
0.880500
0.888563
0.896563
0.904500
0.912500
0.920500
0.928688
0.936875
0.945063
0.953313
0.961625
0.970000
0.978625
0.987313
0.996125
1.005063
1.014125
1.023250
1.032375
1.041500
1.050437
1.059375
1.068250
1.076938
1.085563
1.094125
1.102625
1.111250
1.119938
1.128688
1.137938
1.148187
1.161000
1.166313
1.176063
1.183812
1.191875
1.200063
1.208312
1.216750
1.225438
1.234125
1.243000
1.251688
1.260500
1.269625
1.278875
1.287313
1.381750
1.387438
1.397188
1.403500
1.412688
1.421188
1.430750
1.438438
1.584500
1.591125
1.599813
1.608188
1.616562
1.624813
1.633125
1.641563
1.650125
1.658938
1.667875
1.676875
1.686125
1.695500
1.704875
1.714687
1.723875
1.734438
1.836625
1.843063
1.854438
1.862562
1.936563
1.947188
1.958312
1.968625
1.980625
1.993875
2.012313
2.017562
