0.240750000
0.250625000
0.257812500
0.266250000
0.275312500
0.284062500
0.294125000
0.414437500
0.421875000
0.428687500
0.435750000
0.442437500
0.449312500
0.456000000
0.462687500
0.469437500
0.476187500
0.483000000
0.489812500
0.496562500
0.503437500
0.510375000
0.517250000
0.524187500
0.531062500
0.538000000
0.545000000
0.551937500
0.559062500
0.566125000
0.573250000
0.580312500
0.587312500
0.594562500
0.601812500
0.609000000
0.616312500
0.623562500
0.630812500
0.638062500
0.645250000
0.652812500
0.660187500
0.667687500
0.675312500
0.683000000
0.690687500
0.698500000
0.706437500
0.714437500
0.722687500
0.730937500
0.739375000
0.748062500
0.757875000
0.767750000
0.777250000
0.785500000
0.794812500
0.802750000
0.811500000
0.819562500
0.827875000
0.836125000
0.844312500
0.852437500
0.860375000
0.868500000
0.876625000
0.884625000
0.892875000
0.901062500
0.909500000
0.918125000
0.926750000
0.935437500
0.944375000
0.953312500
0.962500000
0.971812500
0.981062500
0.990187500
0.999437500
1.009375000
1.020437500
1.121250000
1.130062500
1.139500000
1.148312500
1.157437500
1.168625000
1.314812500
1.320437500
1.329125000
1.337187500
1.345562500
1.353750000
1.362062500
1.370375000
1.379062500
1.387625000
1.396250000
1.404750000
1.413312500
1.421687500
1.430062500
1.438562500
1.447250000
1.456375000
1.466500000
1.622375000
1.628187500
1.637125000
1.645125000
1.653500000
1.661937500
1.670187500
1.678625000
1.686937500
1.695687500
1.704250000
1.712875000
1.721750000
1.730750000
1.739687500
1.748750000
1.757812500
1.767000000
1.776062500
1.785312500
1.794562500
1.803625000
1.813187500
1.886875000
1.896937500
1.907250000
1.917187500
1.927062500
1.936812500
1.947250000
1.965562500
1.992187500
2.018062500
2.022437500
2.028437500
2.045875000
2.054375000
2.066312500
2.077500000
2.088937500
2.101250000
2.113750000
2.126375000
2.139000000
2.151437500
2.163375000
2.175187500
