0.229937500
0.238375000
0.247500000
0.254750000
0.263062500
0.271937500
0.280500000
0.289000000
0.297750000
0.306187500
0.314937500
0.323687500
0.332625000
0.341750000
0.351437500
0.360937500
0.370125000
0.379062500
0.387937500
0.396812500
0.405687500
0.414500000
0.423312500
0.432000000
0.440750000
0.449375000
0.458000000
0.466500000
0.474812500
0.483062500
0.491937500
0.500875000
0.634562500
0.649062500
0.655437500
0.662750000
0.669875000
0.677125000
0.684375000
0.691312500
0.698187500
0.705000000
0.711750000
0.719312500
0.725312500
0.732125000
0.738750000
0.745750000
0.752750000
0.760062500
0.767812500
0.775437500
0.782875000
0.790000000
0.797125000
0.804125000
0.811250000
0.818312500
0.825312500
0.832375000
0.839500000
0.846812500
0.854500000
0.862125000
0.869812500
0.877375000
0.885000000
0.892437500
0.900125000
0.907562500
0.915000000
0.922562500
0.930000000
0.937500000
0.945000000
0.953000000
0.961812500
0.971875000
0.979125000
0.985500000
0.992687500
1.000375000
1.008000000
1.015687500
1.023437500
1.031062500
1.038750000
1.046312500
1.054062500
1.061937500
1.069812500
1.077812500
1.086000000
1.094562500
1.103562500
1.113562500
1.121875000
1.128812500
1.136625000
1.144687500
1.152500000
1.160625000
1.168812500
1.177062500
1.185312500
1.193625000
1.202000000
1.210562500
1.219250000
1.228000000
1.236562500
1.245250000
1.254062500
1.262812500
1.271687500
1.280375000
1.289250000
1.298062500
1.306687500
1.315500000
1.324375000
1.333062500
1.341812500
1.350437500
1.358875000
1.367437500
1.376437500
1.385812500
1.396000000
1.405000000
1.412875000
1.454000000
1.459687500
1.467500000
1.476062500
1.484812500
1.494375000
1.505750000
1.602687500
1.610062500
1.618000000
1.626250000
1.634875000
1.643812500
1.652750000
1.661687500
1.670750000
1.680062500
1.689562500
1.699000000
1.708875000
1.718750000
1.728937500
1.738875000
1.749062500
1.759500000
1.769937500
1.780562500
1.791812500
