0.105937500
0.237125000
0.244125000
0.250500000
0.258687500
0.266562500
0.274687500
0.282875000
0.291062500
0.299375000
0.307625000
0.315812500
0.324187500
0.332500000
0.340750000
0.349187500
0.357750000
0.366312500
0.374875000
0.383375000
0.391812500
0.400187500
0.408625000
0.416812500
0.425125000
0.433250000
0.441375000
0.449375000
0.457437500
0.465437500
0.473312500
0.481250000
0.489312500
0.498625000
0.508187500
0.537250000
0.541937500
0.549250000
0.557312500
0.565750000
0.575312500
0.721937500
0.728000000
0.735312500
0.742750000
0.750062500
0.757500000
0.764812500
0.772312500
0.779750000
0.787250000
0.794750000
0.802250000
0.809937500
0.817500000
0.825250000
0.833062500
0.946687500
0.954500000
0.963250000
0.972062500
0.980625000
0.989187500
0.997687500
1.006187500
1.014625000
1.023250000
1.031812500
1.041312500
1.051250000
1.058312500
1.114062500
1.120812500
1.128625000
1.136750000
1.145062500
1.153437500
1.162062500
1.170937500
1.179875000
1.188875000
1.196750000
1.203250000
1.397937500
1.412125000
1.417562500
1.424812500
1.432125000
1.439500000
1.447125000
1.454937500
1.462812500
1.470875000
1.479312500
1.487750000
1.496562500
1.505625000
1.514937500
1.524312500
1.534375000
1.544125000
1.554062500
1.564562500
1.574937500
1.586062500
1.597437500
1.609125000
1.621937500
1.636000000
1.651125000
1.668000000
1.687250000
1.696375000
1.707187500
1.756187500
1.838562500
1.848937500
