0.239062500
0.244187500
0.252125000
0.259000000
0.266187500
0.273187500
0.280250000
0.287125000
0.294000000
0.300937500
0.307875000
0.314750000
0.321687500
0.328687500
0.335937500
0.343562500
0.351000000
0.358937500
0.367062500
0.374500000
0.382125000
0.389750000
0.397125000
0.404812500
0.412125000
0.419250000
0.426312500
0.433312500
0.440312500
0.447312500
0.454375000
0.461500000
0.468687500
0.475937500
0.483250000
0.490562500
0.497937500
0.505250000
0.512562500
0.519937500
0.527250000
0.534625000
0.541812500
0.549062500
0.556312500
0.563375000
0.570437500
0.577437500
0.584375000
0.591250000
0.598062500
0.604750000
0.611375000
0.617937500
0.624437500
0.630812500
0.637187500
0.643500000
0.649750000
0.656062500
0.662312500
0.668687500
0.675062500
0.681562500
0.688187500
0.694937500
0.701750000
0.708750000
0.715875000
0.723187500
0.730750000
0.738375000
0.746312500
0.754562500
0.763062500
0.771687500
0.780375000
0.789187500
0.798000000
0.806875000
0.815750000
0.824750000
0.833625000
0.842875000
0.852312500
0.862125000
0.871687500
0.965625000
0.972250000
0.976250000
0.987062500
0.994625000
1.002625000
1.010312500
1.018062500
1.025875000
1.033875000
1.042000000
1.050062500
1.058000000
1.066000000
1.074000000
1.082125000
1.090375000
1.098750000
1.107187500
1.115750000
1.124437500
1.133375000
1.142562500
1.219000000
1.223812500
1.230937500
1.239062500
1.247250000
1.255437500
1.263687500
1.272125000
1.280562500
1.289062500
1.297562500
1.306187500
1.314875000
1.323625000
1.332437500
1.341250000
1.349937500
1.358562500
1.367375000
1.375750000
1.385625000
1.500187500
1.506937500
1.513812500
1.520375000
1.527187500
1.534125000
1.540937500
1.547937500
1.555500000
1.562812500
1.570250000
1.577812500
1.585562500
1.593437500
1.601625000
1.609687500
1.618937500
1.629812500
1.636687500
1.733437500
1.737812500
1.747437500
1.758062500
1.767750000
1.777437500
1.787250000
1.797000000
1.806875000
1.816812500
1.826625000
1.836375000
1.846250000
1.856125000
1.866062500
1.876000000
1.886000000
1.896000000
1.905687500
1.915437500
1.925250000
1.935125000
1.944937500
1.954750000
1.964312500
1.974250000
1.984125000
2.075250000
2.081937500
2.089312500
2.096875000
2.104562500
2.113062500
2.121062500
2.129062500
2.137187500
2.145500000
2.154125000
2.163000000
2.172125000
2.181625000
2.191562500
2.201625000
2.211937500
2.222875000
2.234250000
2.245687500
2.257562500
2.269812500
2.282750000
2.296000000
2.309125000
2.322125000
2.338437500
2.346437500
2.357750000
