0.293687500
0.310687500
0.317312500
0.323625000
0.330062500
0.336125000
0.342750000
0.349250000
0.355687500
0.362250000
0.368625000
0.375000000
0.381562500
0.388125000
0.395000000
0.401562500
0.408500000
0.415125000
0.422187500
0.429812500
0.437062500
0.482062500
0.486312500
0.492687500
0.498937500
0.505500000
0.512000000
0.518437500
0.525125000
0.531875000
0.538312500
0.545312500
0.552312500
0.559375000
0.566937500
0.573812500
0.581687500
0.587562500
0.595625000
0.601062500
0.608125000
0.614937500
0.621562500
0.628125000
0.634687500
0.641500000
0.647875000
0.654875000
0.661250000
0.668375000
0.674937500
0.682187500
0.689062500
0.696000000
0.703437500
0.710562500
0.717687500
0.724625000
0.731875000
0.739375000
0.746375000
0.754125000
0.762375000
0.776375000
0.783250000
0.789937500
0.795687500
0.801375000
0.807625000
0.814750000
0.821187500
0.828187500
0.834875000
0.841875000
0.848750000
0.855812500
0.862625000
0.869812500
0.876625000
0.883437500
0.890187500
0.897125000
0.904375000
0.911312500
0.918375000
0.925625000
0.933187500
1.058875000
1.065625000
1.073437500
1.081250000
1.089625000
1.097812500
1.106937500
1.115375000
1.124250000
1.132625000
1.141250000
1.150312500
1.159187500
1.168250000
1.177187500
1.186375000
1.195375000
1.204437500
1.213312500
1.222062500
1.231062500
1.239812500
1.248500000
1.257562500
1.266250000
1.275187500
1.283625000
1.292000000
1.300500000
1.309000000
1.317437500
1.325625000
1.333812500
1.343750000
1.351250000
1.457750000
1.464625000
1.471562500
1.478500000
1.485500000
1.492562500
1.499500000
1.506875000
1.513875000
1.521000000
1.528125000
1.535187500
1.542687500
1.550375000
1.670625000
1.677062500
1.684187500
1.691562500
1.698937500
1.706812500
1.714187500
1.721875000
1.730312500
1.746750000
1.754875000
1.763437500
1.771500000
1.780000000
1.788312500
1.796500000
1.804750000
1.813062500
1.821250000
1.829312500
1.837562500
1.845812500
1.854187500
1.862562500
1.870875000
1.879437500
1.888812500
1.898750000
1.904187500
1.947250000
1.953000000
1.960187500
1.967875000
1.975687500
1.983750000
1.991750000
1.999062500
2.007125000
2.015125000
2.022625000
2.030625000
2.038500000
2.046500000
2.054187500
2.062000000
2.070250000
2.078312500
2.086062500
2.094562500
2.103250000
2.113062500
2.226625000
2.236312500
2.248250000
2.255937500
2.269062500
2.277000000
2.294937500
2.309312500
2.326187500
2.339875000