0.234437500
0.241750000
0.249687500
0.257625000
0.265625000
0.273562500
0.281625000
0.289687500
0.298000000
0.307875000
0.327375000
0.489687500
0.494750000
0.502562500
0.509500000
0.516687500
0.523875000
0.531062500
0.538250000
0.545500000
0.552687500
0.559937500
0.567187500
0.574437500
0.581750000
0.589062500
0.596375000
0.603625000
0.610812500
0.618000000
0.625250000
0.632500000
0.639687500
0.646812500
0.654062500
0.661187500
0.668375000
0.675500000
0.682625000
0.689687500
0.696750000
0.703812500
0.710937500
0.718000000
0.725062500
0.732062500
0.739125000
0.746062500
0.753062500
0.760000000
0.767062500
0.774250000
0.781812500
0.790125000
0.796937500
0.932875000
0.939562500
0.947062500
0.954500000
0.961875000
0.969500000
0.977125000
0.984750000
0.992375000
1.000062500
1.007687500
1.015437500
1.023062500
1.030687500
1.038687500
1.046937500
1.055062500
1.063250000
1.071625000
1.080312500
1.088312500
1.096687500
1.104625000
1.110437500
1.147187500
1.152875000
1.160500000
1.171187500
1.181125000
1.200625000
1.208562500
1.217562500
1.226937500
1.236375000
1.246000000
1.255687500
1.265500000
1.275187500
1.285062500
1.294937500
1.304687500
1.314562500
1.324562500
1.334625000
1.344937500
1.355187500
1.365812500
1.376562500
1.387750000
1.398750000
1.409562500
1.420000000
1.430000000
1.439750000
1.449125000
1.458375000
1.467437500
1.476437500
1.485562500
1.495375000
1.500937500
1.505250000
1.569437500
1.577000000
1.585562500
1.595000000
1.605500000
1.614750000
1.623125000
1.626437500
1.632187500
1.639000000
1.648875000
1.657500000
1.666250000
1.675125000
1.684187500
1.693312500
1.702375000
1.711437500
1.720500000
1.729312500
1.737875000
1.746250000
1.754687500
1.763062500
1.770937500
1.850750000
1.858062500
1.867062500
1.876687500
1.885937500
1.895125000
1.904312500
1.913812500
1.923375000
1.933187500
1.943062500
1.953062500
1.963625000
1.971812500
1.981062500
1.990250000
1.999875000
2.009687500
2.019500000
2.029500000
2.039812500
2.050312500
2.061250000
2.072750000
2.084375000
2.096437500
2.108500000
2.120500000
2.132062500
2.143125000
2.153812500
2.164312500
2.175125000
2.185000000
2.272500000
2.285562500
2.298062500
2.309750000
2.321250000
2.332437500
2.344000000
2.355875000
2.368062500
2.380062500
2.391750000
2.403625000
2.415875000
2.428312500
2.441437500
2.454312500
2.467562500
