0.219125000
0.224375000
0.232187500
0.240437500
0.249125000
0.257437500
0.265500000
0.273562500
0.281437500
0.289375000
0.297375000
0.305125000
0.313000000
0.320875000
0.328437500
0.336375000
0.344125000
0.351750000
0.359437500
0.367125000
0.374875000
0.382562500
0.389937500
0.397437500
0.405000000
0.412437500
0.419937500
0.427375000
0.434750000
0.442250000
0.449875000
0.457687500
0.466000000
0.473750000
0.481562500
0.489687500
0.497687500
0.505750000
0.513562500
0.521687500
0.557000000
0.563187500
0.571437500
0.576375000
0.583437500
0.591250000
0.598625000
0.606375000
0.614125000
0.622000000
0.629937500
0.638000000
0.646062500
0.654125000
0.662125000
0.670062500
0.677875000
0.685812500
0.693687500
0.701625000
0.709437500
0.717187500
0.724875000
0.732437500
0.739937500
0.747437500
0.754875000
0.762062500
0.769187500
0.776000000
0.783125000
0.790250000
0.797250000
0.804500000
0.811500000
0.818687500
0.825875000
0.833062500
0.840062500
0.847187500
0.854312500
0.861375000
0.868562500
0.875687500
0.882750000
0.890000000
0.897375000
0.904937500
0.912750000
0.920562500
0.928437500
0.936125000
0.943625000
0.951125000
0.958687500
0.966312500
0.973687500
0.981000000
0.988312500
0.995312500
1.002437500
1.009312500
1.016437500
1.023500000
1.030625000
1.037687500
1.044812500
1.052062500
1.059312500
1.066625000
1.074000000
1.081687500
1.089375000
1.097250000
1.105562500
1.113812500
1.122500000
1.131250000
1.140375000
1.149375000
1.158625000
1.168250000
1.177937500
1.187437500
1.197125000
1.207187500
1.216125000
1.224750000
1.233500000
1.242500000
1.251500000
1.260187500
1.268687500
1.277687500
1.286375000
1.295750000
1.304937500
1.314562500
1.323937500
1.333437500
1.342750000
1.352375000
1.362000000
1.371375000
1.380687500
1.390000000
1.398875000
1.408000000
1.417875000
1.427000000
1.436437500
1.445750000
1.455187500
1.464500000
1.473750000
1.483187500
1.492437500
1.501812500
1.511250000
1.520625000
1.530062500
1.539625000
1.549187500
1.558500000
1.568000000
1.577375000
1.586625000
1.595937500
1.605312500
1.614625000
1.623937500
1.633125000
1.642187500
1.651625000
1.660875000
1.670062500
1.679250000
1.688562500
1.698375000
1.847562500
1.855000000
1.862687500
1.870937500
1.878750000
1.886687500
1.894750000
1.902937500
1.911437500
1.921437500
1.931500000
1.950187500
1.956250000
1.964062500
1.975812500
1.984500000
1.996937500
2.007062500
2.018125000
2.028437500
2.040250000
2.051250000
2.062125000
2.074312500
2.086312500
2.096875000
2.107437500
