0.215062500
0.219250000
0.236750000
0.241625000
0.250312500
0.256187500
0.264562500
0.272500000
0.280437500
0.288625000
0.296500000
0.304437500
0.312312500
0.320625000
0.328250000
0.336250000
0.344312500
0.352500000
0.360687500
0.368625000
0.377562500
0.385937500
0.394437500
0.403125000
0.411437500
0.420000000
0.428062500
0.436312500
0.444500000
0.452437500
0.460562500
0.469062500
0.477625000
0.486187500
0.494562500
0.503062500
0.511437500
0.519875000
0.527937500
0.536000000
0.544250000
0.551812500
0.559375000
0.567437500
0.574875000
0.582625000
0.590500000
0.598375000
0.606187500
0.613812500
0.621750000
0.629187500
0.637437500
0.645312500
0.653125000
0.660937500
0.668562500
0.676187500
0.684062500
0.691750000
0.699437500
0.706812500
0.714250000
0.721500000
0.729312500
0.737250000
0.745062500
0.753437500
0.762687500
0.822437500
0.827937500
0.835062500
0.843437500
0.851812500
0.860500000
0.869437500
0.878312500
0.887250000
0.896625000
0.905500000
0.913937500
0.922875000
0.931437500
0.940125000
0.948750000
0.957375000
0.966000000
0.974812500
0.983500000
0.992187500
1.001187500
1.010000000
1.018875000
1.027437500
1.036312500
1.045375000
1.054625000
1.063562500
1.072625000
1.081562500
1.228312500
1.234937500
1.242875000
1.250125000
1.257750000
1.265437500
1.273125000
1.280812500
1.288687500
1.296375000
1.304250000
1.312000000
1.319937500
1.327687500
1.335437500
1.343625000
1.351687500
1.359687500
1.368062500
1.376125000
1.384687500
1.392750000
1.401125000
1.409687500
1.418625000
1.428250000
1.513687500
1.520625000
1.528000000
1.535875000
1.544312500
1.552375000
1.692750000
1.700750000
1.708187500
1.716562500
1.724125000
1.732312500
1.740250000
1.748437500
1.756937500
1.765562500
1.774750000
1.784562500
1.793937500
1.804125000
1.814437500
1.824687500
1.835500000
1.846375000
1.857937500
1.869750000
1.881812500
1.894187500
1.904437500
1.919687500
1.930875000
1.943375000
