0.135812500
0.227000000
0.233625000
0.240875000
0.248937500
0.257125000
0.265437500
0.274125000
0.287437500
0.356312500
0.360625000
0.369562500
0.373562500
0.381125000
0.387375000
0.395187500
0.401625000
0.408812500
0.415687500
0.422437500
0.429437500
0.436437500
0.443687500
0.450937500
0.458125000
0.465437500
0.472812500
0.480125000
0.487500000
0.494812500
0.502187500
0.509500000
0.516937500
0.524312500
0.531687500
0.538937500
0.546250000
0.553562500
0.560937500
0.568500000
0.576062500
0.583687500
0.591312500
0.599000000
0.606812500
0.614625000
0.622562500
0.630562500
0.638625000
0.646875000
0.655187500
0.663500000
0.671375000
0.679500000
0.687750000
0.695937500
0.704062500
0.712125000
0.720250000
0.728375000
0.736937500
0.745312500
0.754187500
0.816687500
0.822687500
0.830625000
0.839062500
0.847187500
0.855125000
0.863000000
0.871125000
0.879250000
0.887375000
0.895562500
0.903812500
0.912375000
0.920937500
0.929750000
0.938625000
0.947562500
0.956875000
0.966562500
0.976562500
1.002062500
1.093062500
1.097812500
1.103625000
1.113187500
1.123875000
1.133812500
1.143250000
1.153062500
1.162250000
1.171000000
1.258187500
1.266062500
1.275687500
1.285875000
1.295375000
1.304812500
1.314062500
1.323312500
1.332312500
1.341375000
1.350500000
1.359437500
1.368500000
1.377500000
1.386562500
1.395562500
1.404437500
1.413312500
1.422312500
1.431125000
1.440000000
1.448875000
1.457687500
1.466437500
1.475375000
1.484187500
1.493125000
1.501937500
1.510812500
1.519687500
1.528562500
1.537500000
1.546437500
1.555562500
1.565000000
1.574500000
1.583750000
1.645312500
1.655125000
1.666250000
1.679000000
1.691312500
1.706562500
1.723437500
1.738875000
1.754250000
1.765312500
1.778000000
