0.224687500
0.235312500
0.240750000
0.247312500
0.256562500
0.265500000
0.274437500
0.283437500
0.292812500
0.303812500
0.390562500
0.398000000
0.406437500
0.414937500
0.422500000
0.430625000
0.438625000
0.446875000
0.455125000
0.463500000
0.472687500
0.481562500
0.490250000
0.499000000
0.507500000
0.516312500
0.525062500
0.534250000
0.543937500
0.552375000
0.560937500
0.569375000
0.577875000
0.586500000
0.595875000
0.610312500
0.615562500
0.625375000
0.633062500
0.641312500
0.651312500
0.659937500
0.669250000
0.678875000
0.688250000
0.697750000
0.706937500
0.716187500
0.725250000
0.734125000
0.742812500
0.751437500
0.759937500
0.768437500
0.776937500
0.785437500
0.793812500
0.802125000
0.810375000
0.818437500
0.826625000
0.834812500
0.843187500
0.851750000
0.860250000
0.868812500
0.877375000
0.885937500
0.894500000
0.903125000
0.911562500
0.919875000
0.928250000
0.936500000
0.945250000
0.953812500
0.962437500
0.971125000
0.979750000
0.988187500
0.996937500
1.006062500
1.017625000
1.111187500
1.115750000
1.123125000
1.145500000
1.150437500
1.156750000
1.165062500
1.175312500
1.185000000
1.195375000
1.205687500
1.261562500
1.268437500
1.275375000
1.283187500
1.291062500
1.299062500
1.307500000
1.316625000
1.324625000
1.332812500
1.340812500
1.349250000
1.357937500
1.366687500
1.375125000
1.384062500
1.392625000
1.401187500
1.409937500
1.418625000
1.427125000
1.436062500
1.446250000
1.542812500
1.549375000
1.557562500
1.567437500
1.578937500
1.591000000
1.600750000
1.611375000
1.620562500
1.630750000
1.642437500
1.737875000
1.746500000
1.758000000
1.769312500
1.780812500
1.792937500
1.806312500
1.821187500
1.837062500
1.853625000
1.871812500
1.891500000
1.913437500
1.917687500
