0.222937500
0.228812500
0.234625000
0.239625000
0.245812500
0.253687500
0.262000000
0.270125000
0.278187500
0.286187500
0.294187500
0.302187500
0.310062500
0.318000000
0.325937500
0.333875000
0.341812500
0.349937500
0.357875000
0.365812500
0.373750000
0.381562500
0.389625000
0.397562500
0.405625000
0.413687500
0.421687500
0.429687500
0.437562500
0.445437500
0.453250000
0.460875000
0.469187500
0.477562500
0.485812500
0.494062500
0.499375000
0.509125000
0.515812500
0.522625000
0.530187500
0.538187500
0.546125000
0.554125000
0.562312500
0.570625000
0.579187500
0.588125000
0.597125000
0.606562500
0.616125000
0.625937500
0.633375000
0.643125000
0.649125000
0.656625000
0.665062500
0.673312500
0.681625000
0.689812500
0.698062500
0.706062500
0.714062500
0.722062500
0.729937500
0.737750000
0.745437500
0.753125000
0.760500000
0.768062500
0.775625000
0.783375000
0.790875000
0.798375000
0.806562500
0.816250000
0.935062500
0.942375000
0.949750000
0.957000000
0.964562500
0.972125000
0.979687500
0.987562500
0.995625000
1.003750000
1.011812500
1.019875000
1.025437500
1.031750000
1.045937500
1.052250000
1.059625000
1.067062500
1.074437500
1.081875000
1.089375000
1.096937500
1.104375000
1.111812500
1.119500000
1.126937500
1.134625000
1.142125000
1.149937500
1.158000000
1.166812500
1.176750000
1.191437500
1.239625000
1.245437500
1.253812500
1.263125000
1.272125000
1.281375000
1.290812500
1.300312500
1.309750000
1.319312500
1.328750000
1.338375000
1.347875000
1.357875000
1.369000000
1.538750000
1.547250000
1.554750000
1.563375000
1.571437500
1.580000000
1.588750000
1.597625000
1.606500000
1.615687500
1.624250000
1.633250000
1.642250000
1.651125000
1.660062500
1.669000000
1.677625000
1.686437500
1.695125000
1.704062500
1.714062500
1.719937500
1.841687500
1.847312500
1.855750000
1.862187500
1.870187500
1.876937500
1.884875000
1.892250000
1.899750000
1.907375000
1.914875000
1.922625000
1.930375000
1.938125000
1.946000000
1.953875000
1.961812500
1.969937500
1.978000000
1.986125000
1.994562500
2.002937500
2.011375000
2.019812500
2.028312500
2.036937500
2.045437500
2.054062500
2.062625000
2.071375000
2.079937500
2.088687500
2.097625000
2.106875000
2.116437500
2.131562500
2.162750000
2.168687500
2.176250000
2.184187500
2.192375000
2.200687500
2.209000000
2.217500000
2.226125000
2.234687500
2.243250000
2.251812500
2.260312500
2.268687500
2.277125000
2.285375000
2.293937500
2.302875000
2.312562500
2.320625000
2.420437500
2.426625000
2.436312500
2.446187500
2.456062500
2.465812500
2.475625000
2.485250000
2.494875000
2.504250000
2.514000000
2.524625000
2.536187500
2.557312500
2.694437500
2.700437500
2.708937500
2.718250000
2.727500000
2.737187500
2.746750000
2.755375000
2.764375000
2.773625000
2.782812500
2.792250000
2.801687500
2.811125000
2.820125000
2.829000000
2.837562500
2.845875000
2.854187500
2.862750000
2.871375000
2.880125000
2.888812500
2.897687500
2.906375000
2.915312500
2.924125000
2.933062500
2.942062500
2.951187500
2.960375000
2.969687500
2.979125000
2.988625000
2.998250000
3.008125000
3.017812500
3.027937500
3.038437500
3.049000000
3.059500000
3.070375000
3.081500000
3.092375000
3.103375000
3.114312500
3.125312500
3.135687500
3.315125000
