0.297125000
0.303437500
0.312000000
0.320062500
0.328562500
0.337062500
0.345937500
0.355062500
0.365125000
0.412062500
0.420687500
0.429062500
0.437437500
0.445750000
0.454375000
0.462812500
0.471312500
0.479812500
0.488375000
0.497187500
0.507000000
0.516062500
0.525625000
0.534625000
0.543687500
0.552812500
0.562062500
0.571375000
0.581250000
0.591437500
0.601750000
0.612562500
0.624125000
0.706062500
0.713500000
0.721250000
0.728812500
0.736312500
0.743625000
0.750937500
0.758125000
0.765250000
0.772312500
0.779437500
0.786437500
0.793562500
0.800625000
0.807812500
0.815062500
0.822312500
0.829500000
0.836812500
0.844125000
0.851562500
0.859125000
0.866875000
0.874875000
0.883375000
0.891875000
1.020250000
1.026812500
1.033750000
1.041000000
1.048250000
1.055375000
1.062750000
1.070062500
1.077437500
1.085000000
1.092250000
1.099625000
1.107062500
1.114750000
1.122875000
1.202875000
1.210312500
1.217562500
1.224937500
1.232375000
1.239687500
1.247500000
1.255062500
1.262500000
1.270125000
1.278312500
1.285875000
1.293812500
1.301812500
1.309562500
1.317937500
1.326062500
1.334187500
1.342437500
1.350937500
1.359687500
1.368937500
1.378500000
1.388312500
1.442937500
1.450812500
1.459187500
1.467625000
1.476062500
1.484625000
1.492687500
1.501125000
1.509875000
1.518437500
1.527125000
1.536000000
1.545062500
1.554375000
1.563625000
1.573625000
1.584250000
1.595187500
1.606375000
1.617937500
1.629500000
1.641375000
1.653312500
1.664750000
1.676187500
1.687750000
1.699062500
1.710562500
1.722125000
1.733000000
1.743000000
1.832625000
1.840375000
1.851562500
1.861437500
1.871500000
1.880562500
1.889625000
1.899875000
1.907937500
1.918562500
1.925750000
1.934500000
1.943000000
1.951625000
1.960375000
1.969437500
1.987687500
1.995937500
2.005437500
2.014562500
2.023875000
2.032875000
2.042312500
2.051812500
2.061500000
2.071375000
2.081500000
2.091562500
2.101437500
2.110937500
2.120125000
2.129125000
2.138312500
2.147625000
2.157125000
2.166812500
2.176625000
2.186500000
2.196562500
2.206812500
2.217000000
2.227062500
2.236812500
2.245875000
2.254875000
2.263875000
2.272750000
2.281625000
2.290437500
2.299312500
2.308187500
2.317187500
2.326312500
2.335500000
2.344875000
2.354562500
2.364312500
2.374812500
2.384937500
2.395187500
2.405687500
2.416437500
2.427625000
2.439000000
2.450500000
2.461937500
2.483937500
2.505562500
