0.513125000
0.679062500
0.687437500
0.695750000
0.704312500
0.712687500
0.721250000
0.729937500
0.738625000
0.747437500
0.756250000
0.765062500
0.773937500
0.782937500
0.791937500
0.801312500
0.811000000
0.821000000
0.830812500
0.840437500
0.849875000
0.859187500
0.868375000
0.877437500
0.886500000
0.895500000
0.904437500
0.913312500
0.922812500
0.931750000
0.939937500
0.949562500
0.955750000
0.987875000
0.995875000
1.004625000
1.013625000
1.022500000
1.031312500
1.039937500
1.048562500
1.057000000
1.065375000
1.073500000
1.081375000
1.089125000
1.096750000
1.104250000
1.111750000
1.119312500
1.126875000
1.134437500
1.142000000
1.149437500
1.156875000
1.164187500
1.171500000
1.178750000
1.186125000
1.193500000
1.201000000
1.208500000
1.216125000
1.223937500
1.232062500
1.240625000
1.249437500
1.258437500
1.267437500
1.276062500
1.284437500
1.292937500
1.301437500
1.309875000
1.318250000
1.326687500
1.335375000
1.344000000
1.352437500
1.360937500
1.369312500
1.377625000
1.385937500
1.394187500
1.402375000
1.410625000
1.418937500
1.427250000
1.436250000
1.533687500
1.542437500
1.552250000
1.562562500
1.574000000
1.728000000
1.735437500
1.743312500
1.751187500
1.759187500
1.767437500
1.775937500
1.784562500
1.793375000
1.802625000
1.812437500
1.822250000
1.832437500
1.842937500
1.853812500
1.864812500
1.876187500
1.888312500
2.069687500
2.076375000
2.085250000
2.094687500
2.104125000
2.113375000
2.123437500
2.133562500
2.143812500
2.154250000
2.164687500
2.175000000
2.185437500
2.195812500
2.206875000
2.217562500
2.229875000
2.364312500
2.372187500
2.382187500
2.390937500
2.400437500
2.411250000
2.522062500
2.530187500
2.538875000
2.547625000
2.556500000
2.565250000
2.574062500
2.583062500
2.592000000
2.601000000
2.610125000
2.619375000
2.628125000
2.637375000
2.646312500
2.654937500
2.663500000
2.672250000
2.680937500
2.689687500
2.698375000
2.707250000
2.716312500
2.725750000
2.735937500
2.851625000
2.860250000
2.869312500
2.878625000
2.888312500
2.898500000
2.908750000
2.920187500
2.931125000
2.941562500
2.951687500
2.961312500
2.971250000
3.041125000
3.049125000
3.059062500
3.069875000
3.081250000
3.157437500
3.165375000
3.174687500
3.184062500
3.193625000
3.203250000
3.212937500
3.222562500
3.232250000
3.242000000
3.251937500
3.262000000
3.272187500
3.282562500
3.292875000
3.304062500
3.315750000
3.327187500
3.338875000
3.350750000
3.362937500
3.371812500
3.384125000
