0.269687500	
0.277312500	
0.285875000	
0.294812500	
0.303625000	
0.312437500	
0.321500000	
0.330625000	
0.339562500	
0.348875000	
0.358125000	
0.367375000	
0.376562500	
0.385750000	
0.394937500	
0.404187500	
0.413500000	
0.422875000	
0.432375000	
0.442187500	
0.452687500	
0.559812500	
0.568562500	
0.577250000	
0.585687500	
0.594187500	
0.602062500	
0.609750000	
0.617312500	
0.625000000	
0.632625000	
0.640000000	
0.647625000	
0.759937500	
0.766062500	
0.772437500	
0.778937500	
0.785312500	
0.791875000	
0.798687500	
0.805562500	
0.812437500	
0.819625000	
0.827187500	
0.940687500	
0.948187500	
0.956437500	
0.964875000	
0.973687500	
0.982625000	
0.991625000	
1.000875000	
1.009812500	
1.019062500	
1.028312500	
1.037375000	
1.046437500	
1.055250000	
1.064125000	
1.073000000	
1.081875000	
1.090750000	
1.100062500	
1.273812500	
1.282312500	
1.292562500	
1.303687500	
1.402375000	
1.410687500	
1.421312500	
1.431687500	
1.442250000	
1.452812500	
1.463875000	
1.475062500	
1.486375000	
1.497625000	
1.508562500	
1.519000000	
1.529250000	
1.539312500	
1.549437500	
1.559625000	
1.569812500	
1.579687500	
1.589812500	
1.599875000	
1.609937500	
1.620312500	
1.630187500	
1.640000000	
1.650125000	
1.659875000	
1.669937500	
1.679687500	
1.689437500	
1.699250000	
1.708750000	
1.718062500	
1.727375000	
1.736750000	
1.746250000	
1.756250000	
1.765937500	
1.776562500	
1.829437500	
1.839312500	
1.849750000	
1.860187500	
1.870562500	
1.880687500	
1.890937500	
1.901000000	
1.911250000	
1.921562500	
1.931875000	
1.942125000	
1.952500000	
1.962625000	
1.972875000	
1.983062500	
1.993187500	
2.003125000	
2.013000000	
2.023437500	
2.033562500	
2.041500000	
2.053250000	
2.061125000	
2.161125000	
2.170937500	
2.180375000	
2.190187500	
2.200250000	
2.210437500	
2.220437500	
2.230500000	
2.240687500	
2.250937500	
2.261500000	
2.272125000	
2.432187500	
2.439312500	
2.451250000	
2.462437500	
2.473687500	
2.485250000	
2.496937500	
2.508812500	
2.520312500	
2.531875000	
2.544062500	
2.556625000	
2.568875000	
