0.219500000
0.235687500
0.244500000
0.252812500
0.261562500
0.270250000
0.279375000
0.317250000
0.326062500
0.335375000
0.344687500
0.354062500
0.363187500
0.372000000
0.380687500
0.389125000
0.397500000
0.405812500
0.413937500
0.422062500
0.430062500
0.438000000
0.445812500
0.453562500
0.461250000
0.468875000
0.476500000
0.484125000
0.491750000
0.499562500
0.507625000
0.515937500
0.524312500
0.532937500
0.541437500
0.549625000
0.557500000
0.565250000
0.573000000
0.580750000
0.588437500
0.596062500
0.603812500
0.611687500
0.619562500
0.627562500
0.635625000
0.643687500
0.651875000
0.660125000
0.668500000
0.677062500
0.685812500
0.694875000
0.704375000
0.724500000
0.733875000
0.743062500
0.752062500
0.761187500
0.770625000
0.780250000
0.790000000
0.800062500
0.921687500
0.928187500
0.936250000
0.944375000
0.952375000
0.960375000
0.968187500
0.975937500
0.983500000
0.990937500
0.998250000
1.005500000
1.012875000
1.020312500
1.026937500
1.033750000
1.040750000
1.174125000
1.180562500
1.188625000
1.196687500
1.205000000
1.213875000
1.352562500
1.360125000
1.368625000
1.377187500
1.385875000
1.394562500
1.403375000
1.412312500
1.421312500
1.430500000
1.439687500
1.448750000
1.457812500
1.466875000
1.475750000
1.484687500
1.493500000
1.502312500
1.510937500
1.519750000
1.528437500
1.537125000
1.545750000
1.554312500
1.562937500
1.571625000
1.580062500
1.588562500
1.597250000
1.695875000
1.705312500
1.716437500
1.727687500
1.739500000
1.751875000
1.763437500
1.775250000
1.786625000
1.797562500
1.809000000
