0.664000000
0.672187500
0.680875000
0.689312500
0.697812500
0.706375000
0.715062500
0.723750000
0.732625000
0.741437500
0.750812500
0.760187500
0.769375000
0.778500000
0.787625000
0.796687500
0.805812500
0.814937500
0.824187500
0.833625000
0.843250000
0.853250000
0.863750000
0.875500000
1.050000000
1.056625000
1.063062500
1.069375000
1.075625000
1.081812500
1.088000000
1.094062500
1.100187500
1.106375000
1.112562500
1.118812500
1.125125000
1.131625000
1.138312500
1.145187500
1.152375000
1.160000000
1.167750000
1.241937500
1.249437500
1.256875000
1.264312500
1.271875000
1.279437500
1.287000000
1.294687500
1.302187500
1.309750000
1.317437500
1.325125000
1.332937500
1.340875000
1.349125000
1.357687500
1.365937500
1.374000000
1.382750000
1.391625000
1.400750000
1.409750000
1.418437500
1.427250000
1.436187500
1.445187500
1.454312500
1.463750000
1.473437500
1.483062500
1.492687500
1.502375000
1.512000000
1.521687500
1.531375000
1.541187500
1.551062500
1.560500000
1.569750000
1.578812500
1.587687500
1.596625000
1.605500000
1.614437500
1.623500000
1.632625000
1.641750000
1.650937500
1.660125000
1.669312500
1.678437500
1.687437500
1.696375000
1.705250000
1.714062500
1.722812500
1.731500000
1.740125000
1.748875000
1.757937500
1.767000000
1.776812500
1.858250000
1.868125000
1.879250000
2.000062500
2.008687500
2.017437500
2.026250000
2.035250000
2.044312500
2.053312500
2.063187500
2.072937500
2.083062500
2.093687500
2.104937500
2.116375000
2.127812500
2.139812500
2.149875000
