0.216437500
0.245937500
0.254125000
0.263062500
0.271875000
0.280687500
0.289625000
0.298687500
0.307750000
0.317000000
0.326125000
0.335062500
0.344000000
0.352687500
0.361250000
0.369687500
0.378062500
0.386125000
0.394000000
0.401500000
0.408750000
0.415875000
0.423000000
0.429875000
0.436500000
0.443125000
0.449750000
0.577937500
0.584937500
0.592625000
0.600375000
0.608250000
0.616125000
0.623937500
0.631875000
0.639750000
0.647625000
0.655437500
0.663375000
0.671375000
0.679500000
0.687625000
0.695875000
0.704062500
0.712437500
0.720875000
0.729375000
0.737875000
0.746625000
0.755375000
0.764125000
0.772937500
0.781687500
0.790375000
0.799000000
0.807812500
0.816500000
0.825437500
0.834625000
0.944937500
0.954312500
1.092062500
1.098625000
1.106750000
1.114937500
1.123437500
1.132187500
1.141312500
1.150750000
1.160250000
1.170000000
1.179875000
1.190437500
1.201625000
1.516562500
1.669687500
1.678250000
1.688187500
1.698312500
1.708250000
1.718000000
1.727875000
1.737750000
1.747625000
1.757437500
1.767125000
1.776625000
1.786062500
1.795437500
1.804562500
1.814250000
1.824125000
1.833750000
1.991937500
1.999125000
2.008125000
2.017000000
2.026187500
2.036125000
2.046187500
2.055500000
2.177937500
2.187375000
2.197687500
2.208812500
2.365562500
2.373812500
2.382500000
2.391375000
2.400250000
2.409375000
2.418500000
2.427687500
2.436937500
2.445562500
2.454250000
2.463062500
2.470937500
2.480375000
2.487812500
2.497125000
2.505000000
2.513187500
2.521687500
2.530437500
2.539437500
2.548375000
2.558000000
2.567875000
2.577437500
2.587187500
2.596750000
2.606312500
2.615875000
2.625437500
2.635000000
2.644562500
2.654000000
2.664187500
2.673437500
2.683375000
2.693437500
2.704812500
2.714687500
2.725625000
2.735937500
2.746875000
