0.202250000
0.272187500
0.281437500
0.290062500
0.299250000
0.308250000
0.317125000
0.326500000
0.335375000
0.345437500
0.355375000
0.365500000
0.375000000
0.384437500
0.393125000
0.402000000
0.410750000
0.419750000
0.428250000
0.436375000
0.444812500
0.452500000
0.460500000
0.468062500
0.475562500
0.482937500
0.490250000
0.497500000
0.504937500
0.512187500
0.519375000
0.526437500
0.533250000
0.540375000
0.547687500
0.555000000
0.562500000
0.570000000
0.577875000
0.585750000
0.593375000
0.601500000
0.609125000
0.617500000
0.625750000
0.633500000
0.641062500
0.648750000
0.656500000
0.664187500
0.671937500
0.679687500
0.687562500
0.695437500
0.703375000
0.711375000
0.719750000
0.728000000
0.736312500
0.744812500
0.753812500
0.763375000
0.773000000
0.783375000
0.810500000
0.818062500
0.825875000
0.833937500
0.841812500
0.849687500
0.857625000
0.865500000
0.873375000
0.881312500
0.889125000
0.897312500
0.905500000
0.914250000
1.025375000
1.033375000
1.042312500
1.050812500
1.059375000
1.068187500
1.076937500
1.085750000
1.094687500
1.103625000
1.112562500
1.121562500
1.130500000
1.139562500
1.148562500
1.157625000
1.166625000
1.175750000
1.184875000
1.194000000
1.203062500
1.212250000
1.221437500
1.230625000
1.239875000
1.249125000
1.258437500
1.267750000
1.277250000
1.286937500
1.297000000
1.307875000
1.386125000
1.394750000
1.405375000
1.416250000
1.427000000
1.437000000
1.457875000
1.470125000
1.479062500
1.499625000
1.510625000
1.889562500
1.900937500
1.910562500
1.919375000
1.929312500
1.939750000
2.075000000
2.083812500
2.092937500
2.102062500
2.111125000
2.120250000
2.129625000
2.138500000
2.147750000
2.156500000
2.165750000
2.174562500
2.183375000
2.192125000
2.200875000
2.209750000
2.218312500
2.226625000
2.235125000
2.244000000
2.252875000
2.262312500
2.271187500
2.279875000
2.288875000
2.297875000
2.306937500
2.315875000
2.325187500
2.334000000
2.343937500
2.352875000
2.362375000
2.372375000
2.383000000
2.476375000
2.484375000
2.494625000
2.504625000
2.514500000
2.524375000
2.534375000
2.544500000
2.554875000
2.565000000
2.574750000
2.586125000
2.595500000
2.605625000
2.616125000
2.625875000
2.636500000
2.647000000
2.657375000
2.668250000
2.680125000
2.690250000
2.703000000
2.714125000
2.726312500
2.737000000
2.748125000
2.758875000
2.768875000
2.779000000
