0.140000000
0.187750000
0.195062500
0.204125000
0.212187500
0.220937500
0.229687500
0.238437500
0.246937500
0.255500000
0.264250000
0.272937500
0.281625000
0.290125000
0.298875000
0.307187500
0.315687500
0.324187500
0.332562500
0.340937500
0.349312500
0.357750000
0.366187500
0.374687500
0.383375000
0.391937500
0.400687500
0.409500000
0.418687500
0.428187500
0.438312500
0.449625000
0.458187500
0.470125000
0.479937500
0.575875000
0.581812500
0.589500000
0.596687500
0.603625000
0.610625000
0.617562500
0.624375000
0.631250000
0.637875000
0.644812500
0.651312500
0.658000000
0.664187500
0.671187500
0.677875000
0.706125000
0.857625000
0.864750000
0.872500000
0.880250000
0.888125000
0.896062500
0.904125000
0.912375000
0.920750000
0.929125000
0.938125000
0.947000000
0.955937500
0.965125000
0.975062500
0.985875000
0.996187500
1.004375000
1.013937500
1.023375000
1.033562500
1.043687500
1.054062500
1.064437500
1.074812500
1.085187500
1.095750000
1.106812500
1.117937500
1.128750000
1.139250000
1.147625000
1.156937500
1.164375000
1.172625000
1.289000000
1.298125000
1.308312500
1.319250000
1.401937500
1.409687500
1.418812500
1.427562500
1.436625000
1.445562500
1.454562500
1.463125000
1.472062500
1.481062500
1.489812500
1.498375000
1.507500000
1.516250000
1.525375000
1.535437500
1.546000000
1.619437500
1.626000000
1.635187500
1.644625000
1.654500000
1.663875000
1.674875000
1.683937500
1.794625000
1.803625000
1.814125000
1.824062500
1.834500000
1.844250000
1.854750000
1.864375000
1.874750000
1.894250000
1.917250000
1.928625000
1.938500000
1.949875000
