0.257187500
0.265187500
0.273750000
0.282562500
0.291687500
0.301187500
0.310812500
0.320437500
0.330062500
0.339625000
0.349000000
0.357875000
0.366625000
0.374875000
0.383000000
0.391000000
0.399000000
0.406812500
0.414500000
0.422187500
0.429750000
0.437250000
0.444625000
0.451937500
0.459187500
0.466437500
0.473750000
0.481250000
0.487812500	
0.494687500	
0.502500000	
0.511562500	
0.520000000	
0.632062500
0.639187500
0.646250000
0.653562500
0.660937500
0.668500000
0.676187500
0.684000000
0.691937500
0.700000000
0.708125000
0.716375000
0.724562500
0.732750000
0.741125000
0.749562500
0.758062500
0.766750000
0.775500000
0.784437500
0.793562500
0.802750000
0.811937500
0.821250000
0.830625000
0.840000000
0.849375000
0.858812500
0.868312500
0.877625000
0.886937500
0.896187500
0.905312500
0.914437500
0.923437500
0.932250000
0.941000000
0.949625000
0.958187500
0.966687500
0.975250000
0.983625000
0.991875000
1.000125000
1.008437500
1.016875000
1.025312500
1.033875000
1.042500000
1.051187500
1.060062500
1.069062500
1.078250000
1.087625000
1.097375000
1.107125000
1.117125000
1.127937500
1.138187500
1.148750000
1.159125000
1.169687500
1.179750000
1.190125000
1.200500000
1.210875000
1.221187500
1.231437500
1.241875000
1.252687500
1.262500000	
1.270312500	
1.281562500	
1.292187500	
1.302187500	
1.313125000	
1.432937500
1.442062500
1.450250000
1.459937500
1.468437500
1.478125000
1.487250000
1.496562500
1.505937500
1.515437500
1.525000000
1.535062500
1.545500000
1.556312500
1.567000000
1.577437500
1.587375000
1.597187500
1.606625000
1.616125000
1.625625000
1.635125000
1.644562500
1.653937500
1.663500000
1.673125000
1.682750000
1.692375000
1.701937500
1.711437500
1.720750000
1.729937500
1.738875000
1.747937500
1.756750000
1.765437500
1.774000000
1.782500000
1.791000000
1.799625000
1.808500000
1.817812500
1.826187500
1.836562500	
1.846250000	
1.855625000	
1.863750000	
1.873937500
1.881187500
1.889375000
1.898187500
1.907437500
1.917000000
1.928187500
2.082500000
2.090562500
2.098937500
2.107437500
2.116125000
2.124875000
2.133875000
2.143125000
2.152437500
2.162000000
2.171875000
2.181875000
2.192250000
2.203000000
2.213750000
2.224500000
2.235750000
2.246000000
2.256875000
2.267375000
2.277875000
2.288562500
2.299187500
2.307500000	
2.317187500	
2.326875000	
2.336562500	
2.346875000	
