0.280750000
0.286812500
0.295687500
0.303062500
0.311437500
0.319375000
0.327375000
0.335500000
0.343312500
0.351250000
0.359125000
0.367062500
0.374937500
0.382937500
0.390875000
0.398937500
0.406812500
0.414875000
0.423062500
0.431187500
0.439812500
0.448625000
0.457625000
0.466812500
0.476437500
0.486375000
0.522250000
0.529625000
0.537375000
0.545062500
0.552750000
0.560125000
0.567562500
0.574875000
0.582125000
0.589312500
0.596312500
0.603500000
0.610437500
0.617437500
0.624500000
0.631437500
0.638437500
0.645500000
0.652562500
0.659750000
0.667312500
0.675187500
0.683875000
0.754375000
0.763750000
0.773562500
0.783437500
0.793750000
0.804375000
0.815812500
0.824937500
0.847562500
0.856750000
0.870000000
0.878750000
0.890437500
0.901937500
1.144625000
1.149625000
1.223437500
1.231687500
1.240812500
1.249812500
1.259000000
1.268187500
1.277312500
1.286500000
1.295687500
1.305000000
1.314250000
1.323625000
1.333062500
1.342375000
1.351937500
1.361500000
1.371062500
1.380562500
1.390187500
1.400062500
1.409500000
1.419312500
1.428937500
1.438375000
1.447562500
1.456625000
1.465062500
1.473500000
1.481937500
1.490125000
1.498375000
1.506437500
1.514750000
1.522750000
1.530750000
1.538687500
1.546375000
1.553875000
1.561750000
1.570500000
1.691375000
1.698750000
1.706437500
1.714312500
1.722312500
1.730250000
1.738250000
1.746312500
1.754562500
1.762937500
1.771250000
1.779625000
1.788125000
1.796625000
1.805187500
1.813937500
1.822687500
1.831500000
1.840375000
1.849250000
1.858187500
1.867125000
1.876125000
1.885062500
1.894000000
1.903125000
1.912062500
1.921187500
1.930250000
1.939312500
1.948812500
1.958187500
1.967812500
1.977625000
1.987562500
1.998062500
2.061187500
2.067625000
2.076562500
2.085437500
2.094250000
2.103250000
2.112062500
2.121250000
2.130062500
2.139187500
2.148312500
2.157562500
2.167312500
2.176437500
2.186250000
2.196000000
2.206312500
2.216375000
2.226750000
2.236937500
2.246562500
2.256687500
2.266750000
2.276312500
2.286625000
2.295375000
2.304250000
2.312812500
2.321750000
2.330187500
2.339312500
2.348875000
2.357562500
2.367312500
2.377500000
2.495312500
2.503687500
2.512375000
2.521250000
2.530187500
2.539312500
2.548937500
2.558750000
2.705000000
2.712687500
2.721500000
2.730375000
2.739562500
2.748562500
2.757687500
2.767000000
2.776250000
2.785750000
2.795187500
2.804812500
2.814187500
2.824000000
2.833687500
2.843312500
2.852750000
2.862250000
2.872250000
2.881750000
2.891625000
2.901062500
2.911187500
2.921000000
2.930875000
2.941000000
2.951375000
2.961750000
2.972250000
2.982812500
2.993687500
3.003312500
3.014437500
3.025812500
