0.247625000
0.255375000
0.263750000
0.272062500
0.280062500
0.288062500
0.296187500
0.305000000
0.385437500
0.391625000
0.398812500
0.405062500
0.412187500
0.418875000
0.425437500
0.432125000
0.438562500
0.444937500
0.451250000
0.457625000
0.464125000
0.470750000
0.477562500
0.630375000
0.636250000
0.642312500
0.648375000
0.654625000
0.660812500
0.667250000
0.673812500
0.680375000
0.687125000
0.694000000
0.701062500
0.708437500
0.814437500
0.821687500
0.828875000
0.836062500
0.843250000
0.850312500
0.857562500
0.864875000
0.872375000
0.880437500
0.888812500
0.897437500
0.906437500
0.915687500
0.924750000
0.933500000
0.942312500
0.951312500
0.960312500
0.969687500
0.979187500
0.989062500
0.999062500
1.009250000
1.019625000
1.030125000
1.040937500
1.051312500
1.062062500
1.072875000
1.083562500
1.094312500
1.105000000
1.115687500
1.126937500
1.137562500
1.265750000
1.275062500
1.284312500
1.293937500
1.303437500
1.313187500
1.322812500
1.331562500
1.342375000
1.347687500
1.362812500
1.374750000
1.450625000
1.457625000
1.465500000
1.473812500
1.482312500
1.491312500
1.638875000
1.646062500
1.653937500
1.661625000
1.669562500
1.677687500
1.686125000
1.694562500
1.703500000
1.712437500
1.720750000
1.729250000
1.737875000
1.746312500
1.755125000
1.764062500
1.773250000
1.783125000
1.931437500
1.938250000
1.947187500
1.957687500
2.099750000
2.107875000
2.116562500
2.125250000
2.134187500
2.143187500
2.152062500
2.161062500
2.170250000
2.179937500
2.337875000
2.347812500
2.357562500
2.367437500
2.377375000
2.387687500
2.398312500
2.408687500
2.418812500
2.429437500
2.440062500
2.450625000
2.461312500
2.471875000
2.482125000
2.492812500
2.503562500
