0.079125000
0.188000000
0.196125000
0.205562500
0.214562500
0.223375000
0.232312500
0.241312500
0.250312500
0.259562500
0.268812500
0.278125000
0.287375000
0.296687500
0.306187500
0.315687500
0.325750000
0.335812500
0.346250000
0.357062500
0.368125000
0.379375000
0.399375000
0.408375000
0.419437500
0.448500000
0.710812500
0.792062500
0.801562500
0.849937500
0.857875000
0.866062500
0.874750000
0.883187500
0.891937500
0.901000000
0.910500000
0.920312500
0.929500000
1.039687500
1.046375000
1.054937500
1.063125000
1.071437500
1.079812500
1.088250000
1.096687500
1.105125000
1.113750000
1.122375000
1.131125000
1.139812500
1.148750000
1.157625000
1.166500000
1.175500000
1.184687500
1.193812500
1.203125000
1.212375000
1.221812500
1.231187500
1.240687500
1.250187500
1.260000000
1.270187500
1.279500000
1.290062500
1.340875000
1.347500000
1.356250000
1.365062500
1.373750000
1.382375000
1.391062500
1.399500000
1.407875000
1.415937500
1.423750000
1.431375000
1.438875000
1.446250000
1.453562500
1.460687500
1.468312500
1.475500000
1.767437500
1.893250000
1.901437500
1.910937500
1.920125000
1.929437500
1.938812500
1.948312500
1.958062500
1.968125000
1.978500000
1.987562500
2.040875000
2.049125000
2.058562500
2.068187500
2.077875000
2.087687500
2.097937500
2.107562500
2.117625000
2.127562500
2.137500000
2.147437500
2.157750000
2.274625000
2.283875000
2.294937500
2.303812500
2.314312500
