0.121375000
0.332250000
0.340312500
0.348312500
0.356437500
0.364750000
0.373187500
0.381812500
0.390937500
0.400625000
0.504312500
0.512062500
0.519750000
0.527312500
0.534750000
0.542250000
0.549625000
0.556875000
0.564125000
0.571250000
0.578437500
0.585562500
0.592625000
0.599812500
0.671312500
0.677312500
0.684000000
0.690812500
0.697875000
0.705062500
0.712625000
0.720750000
0.729125000
0.737625000
0.746312500
0.755250000
0.764375000
0.773437500
0.782312500
0.791187500
0.799937500
0.808437500
0.816937500
0.825437500
0.833937500
0.842500000
0.850937500
0.859437500
0.867750000
0.876062500
0.884312500
0.892500000
0.900625000
0.908562500
0.916437500
0.924437500
0.932312500
0.940125000
0.948187500
0.956562500
0.966250000
1.068187500
1.077125000
1.088000000
1.098937500
1.109812500
1.120562500
1.132062500
1.143312500
1.154875000
1.165125000
1.176375000
1.185562500
1.195000000
1.204750000
1.214937500
1.224937500
1.235437500
1.630937500
1.637875000
1.648937500
1.656312500
1.665812500
1.675562500
1.685437500
1.695562500
1.705812500
1.716312500
1.727187500
1.737500000
1.750375000	
1.763625000
1.770562500
1.780562500
1.790187500
1.799625000
1.809062500
1.818375000
1.827687500
1.836937500
1.846000000
1.855062500
1.864062500
1.872875000
1.881812500
1.890687500
1.899437500
1.908187500
1.916937500
1.925750000
1.934812500
1.943875000
1.952875000
1.962125000
1.971562500
1.981125000
1.991500000
2.169125000
2.176312500
2.186750000
2.195875000
2.205500000
2.215000000
2.224937500
2.234750000
2.244687500
2.254562500
2.264562500
2.274500000
2.284750000
2.294750000
2.304875000
2.315250000
2.325625000
2.336062500
2.346562500
2.357562500
2.368937500
2.378375000
2.390125000
2.399875000
2.410750000
2.422562500
2.431500000	
2.441312500	
2.450937500	
2.463125000	
2.475687500	
