0.246250000
0.254250000
0.263500000
0.272812500
0.282437500
0.292062500
0.301812500
0.311500000
0.321062500
0.330500000
0.339812500
0.348937500
0.357812500
0.366500000
0.375062500
0.383750000
0.392250000
0.400750000
0.409187500
0.417500000
0.425625000
0.433875000
0.441812500
0.449812500
0.457687500
0.465500000
0.473187500
0.480812500
0.488312500
0.495750000
0.503062500
0.510312500
0.517562500
0.524687500
0.531812500
0.538875000
0.545937500
0.553000000
0.560000000
0.567062500
0.574125000
0.581187500
0.588437500
0.595750000
0.603187500
0.611062500
0.643125000
0.649875000
0.657187500
0.664500000
0.672187500
0.679875000
0.687625000
0.695500000
0.703312500
0.711437500
0.719562500
0.727687500
0.736000000
0.744437500
0.752625000
0.760875000
0.769125000
0.777437500
0.785750000
0.794125000
0.802437500
0.810750000
0.819312500
0.827562500
0.835937500
0.844375000
0.852812500
0.861375000
0.870000000
0.878750000
0.887500000
0.896562500
0.905562500
0.914812500
0.924000000
0.933500000
0.943062500
0.952562500
0.962312500
0.972375000
0.983000000
1.061750000
1.068625000
1.077687500
1.086437500
1.095000000
1.103687500
1.112187500
1.120562500
1.129000000
1.137250000
1.145562500
1.153750000
1.162000000
1.170250000
1.178500000
1.186750000
1.195062500
1.203500000
1.211937500
1.220562500
1.229187500
1.238062500
1.390062500
1.398500000
1.407500000
1.417062500
1.426250000
1.435937500
1.445500000
1.455437500
1.465437500
1.475875000
1.486750000
1.497375000
1.506562500
1.518687500
1.526500000
