0.121312500
0.160562500
0.272125000
0.280062500
0.289375000
0.326750000
0.334062500
0.342000000
0.349937500
0.358000000
0.366000000
0.373875000
0.381875000
0.389687500
0.397750000
0.405687500
0.413875000
0.422250000
0.430750000
0.440000000
0.463562500
0.474875000
0.567187500
0.573375000
0.580875000
0.588312500
0.595625000
0.603000000
0.610187500
0.617437500
0.624562500
0.631750000
0.638937500
0.646062500
0.653187500
0.660437500
0.667687500
0.675062500
0.682812500
0.690812500
0.699687500
0.733687500
0.741375000
0.749875000
0.758812500
0.767937500
0.777375000
0.787062500
0.797125000
0.807437500
0.817687500
0.828250000
0.838812500
0.849187500
0.859437500
0.869875000
0.880250000
0.890687500
0.901250000
0.911625000
0.962125000
0.970375000
0.979750000
0.988625000
0.997625000
1.006687500
1.015625000
1.024562500
1.033812500
1.042750000
1.051875000
1.061000000
1.069875000
1.079000000
1.088062500
1.097125000
1.106375000
1.115750000
1.125312500
1.134750000
1.144312500
1.154000000
1.164062500
1.173812500
1.183625000
1.193000000
1.202312500
1.211500000
1.220500000
1.229437500
1.238437500
1.247500000
1.256437500
1.265250000
1.273937500
1.282562500
1.291125000
1.299500000
1.307750000
1.316250000
1.324625000
1.333000000
1.341562500
1.350562500
1.359875000
1.368687500
1.377500000
1.386250000
1.394750000
1.403125000
1.411687500
1.420375000
1.429312500
1.438625000
1.448437500
1.458875000
1.508812500
1.517375000
1.526250000
1.535250000
1.544312500
1.553375000
1.562437500
1.571437500
1.580562500
1.589875000
1.599312500
1.608750000
1.618250000
1.627937500
1.637562500
1.647562500
1.847437500
1.855375000
1.863625000
1.872000000
1.880375000
1.888687500
1.897125000
1.905562500
1.914062500
1.922437500
1.930812500
1.939187500
1.947625000
1.956000000
1.964437500
1.973000000
1.981500000
1.990125000
1.998812500
2.007937500
2.017187500
2.026562500
2.036437500
2.046312500
2.055937500
2.065375000
2.074937500
2.084562500
2.094375000
2.104500000
2.114812500
2.125250000
2.136312500
2.147000000
2.157562500
2.167875000
2.177937500
2.187687500
2.197062500
2.206125000
2.215000000
2.223812500
2.232875000
2.241812500
2.250687500
2.259687500
2.268500000
2.277375000
2.286375000
2.295437500
2.304312500
2.313312500
2.322250000
2.331250000
2.340375000
2.349750000
2.359250000
2.368812500
2.377937500
2.387250000
2.396750000
2.406437500
2.416562500
2.427562500
2.599625000
2.607250000
2.616125000
2.624812500
2.633750000
2.643625000
2.827625000
2.836937500
2.846875000
2.857062500
2.867562500
2.878062500
2.889000000
2.899812500
