0.188375000
0.197125000
0.206062500
0.214562500
0.223437500
0.232875000
0.242437500
0.252250000
0.262187500
0.272187500
0.282437500
0.292250000
0.302375000
0.312562500
0.322750000
0.333125000
0.342562500
0.351937500
0.361250000
0.370562500
0.379812500
0.389000000
0.398250000
0.407500000
0.416812500
0.426250000
0.435750000
0.445375000
0.455000000
0.464625000
0.474062500
0.483375000
0.492500000
0.501437500
0.510125000
0.518625000
0.527000000
0.535187500
0.543187500
0.551062500
0.558937500
0.566625000
0.574312500
0.581875000
0.589437500
0.596937500
0.604375000
0.611750000
0.619062500
0.626375000
0.633625000
0.640812500
0.648000000
0.655187500
0.662312500
0.669500000
0.676687500
0.683937500
0.691500000
0.699625000
0.706750000
0.824937500
0.832375000
0.839750000
0.847250000
0.856000000
0.872500000
0.881000000
0.889125000
0.896937500
0.905000000
0.913000000
0.921187500
0.929750000
0.938812500
0.947937500
0.958000000
0.965875000
1.037562500
1.045750000
1.054875000
1.064000000
1.073375000
1.082375000
1.092250000
1.101750000
1.111812500
1.122375000
1.133437500
1.268187500
1.274000000
1.281437500
1.288812500
1.296187500
1.303625000
1.311125000
1.318687500
1.326437500
1.334312500
1.342375000
1.350750000
1.359437500
1.368375000
1.377562500
1.386937500
1.396312500
1.405812500
1.415750000
1.425250000
1.719000000
1.831062500
1.839500000
1.848312500
1.857500000
1.867000000
1.876937500
1.886500000
1.896187500
1.906187500
1.916625000
1.926750000
1.936250000
1.945312500
1.954687500
1.964187500
1.974000000
1.984625000
1.995000000
2.127125000
2.135812500
2.145000000
2.154187500
2.164187500
2.173937500
2.183750000
2.193687500
2.203812500
2.213875000
2.223875000
2.234062500
2.245437500
2.256062500
2.266875000
2.277750000
2.289062500
2.300000000
2.311500000
2.322687500
2.333000000
2.344625000
2.353562500
2.357062500
