0.313375000
0.321500000
0.330000000
0.338500000
0.347187500
0.356125000
0.365375000
0.374437500
0.383500000
0.392437500
0.401187500
0.409812500
0.418250000
0.426500000
0.434437500
0.442187500
0.449750000
0.457062500
0.464062500
0.471000000
0.477750000
0.484437500
0.491062500
0.497687500
0.504250000
0.510812500
0.517500000
0.524062500
0.530687500
0.537500000
0.544437500
0.551625000
0.559125000
0.567125000
0.574375000
0.581937500
0.589500000
0.671125000
0.678250000
0.685625000
0.693125000
0.700750000
0.708562500
0.716562500
0.724750000
0.733000000
0.741375000
0.749875000
0.758375000
0.766875000
0.775375000
0.783687500
0.791937500
0.800000000
0.808062500
0.816062500
0.824062500
0.832125000
0.840312500
0.848500000
0.856750000
0.865000000
0.873250000
0.881625000
0.889937500
0.898437500
0.907000000
0.915750000
0.924687500
0.933812500
0.943187500
0.952812500
0.962875000
0.973000000
0.983562500
0.994312500
1.005437500
1.016687500
1.028437500
1.038437500
1.236062500
1.244062500
1.252750000
1.261687500
1.270500000
1.279437500
1.288375000
1.297375000
1.306375000
1.315312500
1.324250000
1.333062500
1.341937500
1.350750000
1.359000000
1.367500000
1.375562500
1.385375000
1.474312500
1.481875000
1.490062500
1.498625000
1.507250000
1.515937500
1.524375000
1.532687500
1.541125000
1.549625000
1.558250000
1.567000000
1.575937500
1.584937500
1.594125000
1.603375000
1.612875000
1.622625000
1.632500000
1.642562500
1.652812500
1.663437500
1.806562500
1.814000000
1.823125000
1.832250000
1.841437500
1.850812500
1.860437500
1.869937500
1.879625000
1.889312500
1.899000000
1.908687500
1.918375000
1.928125000
1.937937500
1.947937500
1.959187500
1.970062500
2.156187500
2.165062500
2.174500000
2.184062500
2.193687500
2.203375000
2.213187500
2.223000000
2.233312500
2.243500000
2.254000000
2.265687500
2.276750000
2.287437500
2.298437500
2.309687500
2.320812500
2.332250000
2.341250000
2.352375000
