0.305937500
0.312812500
0.321562500
0.329937500
0.338750000
0.347750000
0.356937500
0.366250000
0.376250000
0.386375000
0.396875000
0.407000000
0.416750000
0.426125000
0.434937500
0.443500000
0.451875000
0.460125000
0.468250000
0.476312500
0.484312500
0.492125000
0.499812500
0.507312500
0.514687500
0.521875000
0.529125000
0.536750000
0.544062500
0.551750000
0.559812500
0.568375000
0.650687500
0.658000000
0.665625000
0.673250000
0.681375000
0.689562500
0.698312500
0.707812500
0.856125000
0.863250000
0.872562500
0.881125000
0.890000000
0.899000000
0.907875000
0.916875000
0.925875000
0.934750000
0.943562500
0.952375000
0.961312500
0.970625000
0.979937500
0.989375000
0.999187500
1.009000000
1.019062500
1.028375000
1.037937500
1.047937500
1.057437500
1.066750000
1.075625000
1.084562500
1.093687500
1.102875000
1.112125000
1.121500000
1.130812500
1.140250000
1.149687500
1.159312500
1.169062500
1.179187500
1.304187500
1.312625000
1.321562500
1.330625000
1.339812500
1.349437500
1.359437500
1.369750000
1.379937500
1.390000000
1.399625000
1.409625000
1.419562500
1.429187500
1.439500000
1.449437500
1.459500000
1.469437500
1.479437500
1.489437500
1.499875000
1.510125000
1.520437500
1.530875000
1.541250000
1.551812500
1.562437500
1.573187500
1.584250000
1.595125000
1.605500000
1.617125000
1.638062500
1.660125000
1.669062500
