0.504500000
0.512312500
0.520250000
0.528250000
0.536500000
0.544875000
0.553500000
0.562187500
0.571062500
0.580000000
0.589000000
0.597937500
0.606750000
0.615500000
0.624250000
0.632937500
0.641687500
0.650437500
0.659250000
0.668187500
0.677125000
0.686187500
0.695312500
0.704750000
0.714625000
0.724437500
0.784500000
0.794000000
0.803625000
0.813187500
0.822875000
0.832750000
0.843062500
0.853687500
0.968562500
0.976250000
0.983875000
0.991375000
0.998812500
1.006187500
1.013437500
1.020625000
1.027812500
1.034875000
1.042000000
1.049500000
1.056750000
1.064375000
1.072187500
1.080375000
1.255812500
1.261937500
1.269312500
1.276875000
1.284500000
1.292125000
1.299812500
1.307562500
1.315312500
1.323125000
1.330937500
1.338812500
1.346875000
1.355062500
1.364062500
1.373937500
1.434875000
1.442875000
1.452062500
1.461437500
1.471062500
1.480812500
1.490750000
1.500687500
1.510687500
1.520750000
1.530812500
1.540875000
1.551187500
1.561937500
1.572375000
1.582437500
1.592250000
1.602000000
1.611687500
1.621437500
1.631375000
1.641000000
1.651125000
1.661812500
1.672562500
1.683625000
1.714875000
1.724562500
1.734187500
1.743750000
1.753625000
1.763812500
1.774937500
1.784500000
1.890125000
1.899687500
1.909937500
1.920562500
2.020812500
2.029687500
2.038375000
2.047312500
2.056187500
2.065312500
2.074437500
2.083625000
2.092875000
2.102312500
2.111750000
2.121125000
2.130500000
2.140000000
2.149437500
2.159062500
2.168750000
2.178625000
2.188687500
2.198937500
2.209375000
2.219687500
2.230062500
2.240625000
2.251312500
2.262500000
2.273750000
2.286000000
2.298125000
2.308875000
2.320625000
2.331750000
2.343500000
2.354250000
2.366562500
2.771375000
2.779750000
2.789625000
2.798500000
2.808187500
2.818625000
2.829312500
2.840125000
2.850937500
2.861250000
2.870937500
2.880250000
2.889625000
2.899187500
2.908687500
2.918062500
2.927562500
2.937000000
2.946437500
2.955875000
2.965312500
2.974562500
2.983625000
2.992562500
3.001625000
3.010750000
3.020000000
3.029312500
3.038875000
3.048437500
3.058125000
3.068000000
3.078187500
3.088937500
3.268000000
3.276000000
3.285375000
3.294625000
3.303812500
3.312937500
3.322000000
3.330937500
3.339875000
3.348625000
3.357312500
3.365875000
3.374562500
3.383125000
3.391562500
3.399937500
3.408312500
3.416937500
3.427125000
3.545187500
3.551625000
3.559937500
3.568500000
3.577750000
3.584312500
3.747250000
3.754812500
3.763562500
3.773062500
3.782937500
3.793000000
3.803375000
3.813687500
3.824500000
3.835125000
3.845875000
3.856125000
3.866187500
3.875750000
3.885437500
3.894312500
3.903500000
3.912750000
3.922000000
3.931250000
3.940500000
3.950125000
3.960000000
3.969812500
3.980000000
3.988375000
3.999812500
