0.292062500
0.298687500
0.305875000
0.312937500
0.320000000
0.327000000
0.333937500
0.340812500
0.347625000
0.354437500
0.361562500
0.471187500
0.476625000
0.483312500
0.490000000
0.496812500
0.504312500
0.512750000
0.576250000
0.583187500
0.590437500
0.597562500
0.604687500
0.611812500
0.619062500
0.626312500
0.633687500
0.641250000
0.648875000
0.656750000
0.664812500
0.673000000
0.681437500
0.690062500
0.698937500
0.708937500
0.938437500
0.944500000
0.952437500
0.960500000
0.968437500
0.976375000
0.984250000
0.992187500
1.000125000
1.008125000
1.016125000
1.024187500
1.032375000
1.040687500
1.049125000
1.057750000
1.066500000
1.075562500
1.084812500
1.094375000
1.104250000
1.114375000
1.125000000
1.136062500
1.147250000
1.157687500
1.169000000
1.181250000
1.242625000
1.252375000
1.262687500
1.273562500
1.284687500
1.407437500
1.415750000
1.425750000
1.436125000
1.446625000
1.457250000
1.468562500
1.524625000
1.532187500
1.540500000
1.549562500
1.558750000
1.567875000
1.577062500
1.586437500
1.596000000
1.744437500
1.753312500
1.762875000
1.772500000
1.782562500
1.792812500
1.803000000
1.813312500
1.823562500
1.833562500
1.843625000
1.853687500
1.863937500
1.874875000
2.205437500
2.215000000
2.224687500
2.234250000
2.244000000
2.254000000
2.264250000
2.274812500
2.285437500
2.293625000
