0.234187500
0.315750000
0.323750000
0.332500000
0.341000000
0.349625000
0.358312500
0.367125000
0.376000000
0.384875000
0.394187500
0.403187500
0.412062500
0.420875000
0.429312500
0.437750000
0.446062500
0.454437500
0.462687500
0.470875000
0.478937500
0.487000000
0.495062500
0.503312500
0.511687500
0.655625000
0.663312500
0.672312500
0.841750000
0.848625000
0.855375000
0.862000000
0.868750000
0.875312500
0.882125000
0.888687500
0.895250000
0.901937500
0.908687500
0.915500000
0.922500000
0.930187500
0.938500000
1.014187500
1.021562500
1.029312500
1.037125000
1.045000000
1.052937500
1.060875000
1.068875000
1.076937500
1.085000000
1.093375000
1.101750000
1.109250000
1.117500000
1.125062500
1.133562500
1.140625000
1.148625000
1.155687500
1.163125000
1.170125000
1.177062500
1.184062500
1.191062500
1.198125000
1.206125000
1.214687500
1.222625000
1.231062500
1.239500000
1.247875000
1.256375000
1.264750000
1.273062500
1.281437500
1.289687500
1.297937500
1.306250000
1.314375000
1.322625000
1.330562500
1.338812500
1.347312500
1.356375000
1.483687500
1.491687500
1.499875000
1.508437500
1.517125000
1.526125000
1.535250000
1.544375000
1.553562500
1.562687500
1.572062500
1.581750000
1.591625000
1.601875000
1.612125000
1.621937500
1.630937500
1.639625000
1.648375000
1.657250000
1.666125000
1.675062500
1.684062500
1.693187500
1.702125000
1.711000000
1.719937500
1.728750000
1.737625000
1.746562500
1.755812500
1.876750000
1.885375000
1.896812500
1.908937500
1.920187500
1.931687500
1.942937500
1.951062500
1.955062500
1.962500000
1.965875000
1.975687500
1.986562500
1.998062500
