0.211625000
0.296125000
0.304000000
0.313500000
0.321750000
0.330687500
0.339562500
0.348625000
0.357437500
0.366250000
0.375125000
0.384375000
0.392937500
0.401812500
0.411125000
0.420125000
0.428812500
0.438375000
0.447687500
0.457125000
0.466812500
0.476500000
0.486375000
0.496625000
0.507312500
0.518375000
0.529375000
0.540750000
0.551937500
0.562062500
0.876687500
0.884750000
0.893250000
0.902312500
0.911250000
0.920375000
0.929437500
0.938812500
0.947750000
0.956812500
0.965937500
0.974937500
0.984000000
0.993000000
1.002062500
1.011562500
1.020687500
1.030000000
1.039187500
1.047562500
1.056625000
1.066125000
1.076125000
1.208562500
1.216437500
1.224562500
1.232562500
1.240750000
1.249375000
1.257750000
1.266187500
1.274687500
1.283312500
1.292000000
1.300812500
1.309625000
1.318562500
1.327937500
1.337812500
1.348250000
1.359437500
1.432312500
1.440937500
1.450750000
1.461437500
1.472375000
1.483625000
1.495000000
1.507000000
1.518562500
