0.159125000
0.261312500
0.270062500
0.278375000
0.287750000
0.297125000
0.306250000
0.315500000
0.325687500
0.335250000
0.347125000
0.432937500
0.440250000
0.448562500
0.456187500
0.463625000
0.471250000
0.479062500
0.486500000
0.494187500
0.501625000
0.509187500
0.516562500
0.523750000
0.530875000
0.538000000
0.545875000
0.553437500
0.561062500
0.568687500
0.576312500
0.583875000
0.591375000
0.598750000
0.606062500
0.613312500
0.620625000
0.627937500
0.635375000
0.642812500
0.650000000
0.658062500
0.665500000
0.673750000
0.682062500
0.690437500
0.699000000
0.707250000
0.715250000
0.723750000
0.732562500
0.741375000
0.750500000
0.759687500
0.768437500
0.776375000
0.784750000
0.792875000
0.801437500
0.809750000
0.818187500
0.826375000
0.835062500
0.843125000
0.852375000
0.859250000
0.867187500
0.875375000
0.883437500
0.891125000
0.898875000
0.906375000
0.913875000
0.921375000
0.928750000
0.936187500
0.943687500
0.951500000
0.960687500
0.968875000
0.977687500
0.986625000
0.996750000
1.006812500
1.016062500
1.025062500
1.033812500
1.042250000
1.050625000
1.059312500
1.067812500
1.076125000
1.084750000
1.093500000
1.102500000
1.111250000
1.120875000
1.250375000
1.257250000
1.265375000
1.273500000
1.281750000
1.290562500
1.299187500
1.307625000
1.316500000
1.325312500
1.334000000
1.342625000
1.351312500
1.359937500
1.368562500
1.377187500
1.385875000
1.394625000
1.403437500
1.412312500
1.421250000
1.430375000
1.439812500
1.449875000
1.461062500
1.470437500
1.479812500
1.489875000
1.500250000
1.510000000
1.521000000
1.531500000
1.542500000
1.553500000
1.565000000
1.701875000
1.711500000
1.721875000
1.732000000
1.741750000
1.752500000
1.763250000
1.773250000
1.784000000
1.794625000
1.807000000
1.819062500
1.827250000
1.857625000
