0.275625000
0.283937500
0.292125000
0.300250000
0.308312500
0.316312500
0.324125000
0.331750000
0.339375000
0.346812500
0.354187500
0.361437500
0.368687500
0.375812500
0.382875000
0.389875000
0.396750000
0.403500000
0.410125000
0.416687500
0.423250000
0.429812500
0.436312500
0.443000000
0.449750000
0.456562500
0.463812500
0.575812500
0.581437500
0.588062500
0.594625000
0.601437500
0.608375000
0.615562500
0.622875000
0.630437500
0.638312500
0.647250000
0.754375000
0.760875000
0.767875000
0.774875000
0.782000000
0.789250000
0.796562500
0.804000000
0.811562500
0.819250000
0.827750000
0.836500000
0.901750000
0.912562500
0.920375000
0.929500000
0.938625000
0.947937500
0.957437500
0.967000000
0.976687500
0.986500000
0.996250000
1.006187500
1.016125000
1.026000000
1.035750000
1.045500000
1.055250000
1.065062500
1.074687500
1.084250000
1.093750000
1.103187500
1.112500000
1.121750000
1.130812500
1.139750000
1.148562500
1.157312500
1.166000000
1.174625000
1.183250000
1.191812500
1.200437500
1.209062500
1.217812500
1.226687500
1.235625000
1.244625000
1.253750000
1.262812500
1.272062500
1.281312500
1.290750000
1.300375000
1.310125000
1.320062500
1.330000000
1.340125000
1.350437500
1.361312500
1.372750000
1.381750000
1.391812500
1.404375000
1.413687500
1.424187500
1.434187500
1.443562500
1.453062500
1.462125000
1.471312500
1.480437500
1.489750000
1.499187500
1.508625000
1.518187500
1.527812500
1.537625000
1.548000000
1.558875000
1.570000000
1.581187500
1.591437500
1.601187500
1.610937500
1.620687500
1.630312500
1.639937500
1.649437500
1.658750000
1.667875000
1.676812500
1.685562500
1.694250000
1.702812500
1.711500000
1.720250000
1.729375000
1.872437500
1.881687500
1.891750000
1.902312500
1.912875000
1.923437500
1.933875000
1.944125000
1.955312500
1.967437500
2.077437500
2.085812500
2.097062500
2.106062500
2.116937500
2.127187500
2.137500000
2.148125000
2.158500000
2.168812500
2.179562500
2.190937500
2.257500000
2.264875000
2.274062500
2.283875000
2.294750000
2.429500000
2.439562500
2.448875000
2.458062500
2.467312500
2.476875000
2.486437500
2.496062500
2.505625000
2.515312500
2.525125000
2.534937500
2.544875000
2.555000000
2.565312500
2.575750000
2.586312500
2.597062500
2.607937500
2.619000000
2.631000000
2.641750000
2.652500000
2.663375000
2.674437500
