0.313875000
0.321062500
0.329750000
0.338937500
0.347937500
0.357000000
0.366062500
0.375250000
0.384500000
0.393687500
0.402750000
0.411625000
0.420312500
0.428687500
0.436875000
0.444875000
0.452625000
0.460250000
0.467750000
0.475062500
0.482312500
0.489562500
0.496687500
0.503812500
0.511000000
0.518250000
0.525375000
0.532500000
0.539562500
0.546687500
0.553812500
0.561000000
0.568125000
0.575312500
0.582500000
0.589625000
0.596750000
0.603875000
0.610937500
0.618000000
0.625125000
0.632250000
0.639437500
0.646625000
0.653875000
0.661062500
0.668312500
0.675500000
0.682687500
0.689937500
0.697187500
0.704437500
0.711750000
0.719187500
0.726750000
0.734437500
0.742125000
0.749812500
0.757562500
0.765437500
0.773437500
0.781437500
0.789562500
0.797875000
0.806437500
0.815187500
0.824187500
0.833375000
0.842875000
0.852687500
0.861562500
0.950000000
0.958937500
0.968625000
0.979000000
0.990250000
0.999562500
1.010500000	
1.070062500
1.077812500
1.086125000
1.094437500
1.102687500
1.110812500
1.118875000
1.126875000
1.134875000
1.143062500
1.151625000
1.160125000
1.168937500
1.177937500
1.187187500
1.196687500
1.206125000
1.215250000
1.225250000
1.236000000
1.245000000	
1.255500000	
1.267500000	
1.296500000	
1.308125000
1.315812500
1.324875000
1.334250000
1.343625000
1.353000000
1.362625000
1.372312500
1.382062500
1.391937500
1.402250000
1.412562500
1.423062500
1.433750000
1.444812500
1.455500000
1.466625000
1.477875000
1.488812500
1.499750000
1.510125000
1.520125000
1.528500000
1.538812500
1.548000000
1.558000000	
1.566250000
1.573000000	
1.580500000	
1.587000000	
1.595000000	
1.602000000	
1.609500000	
1.616500000	
1.624437500
1.631437500
1.639375000
1.647875000
1.657500000
1.666062500
1.675812500
1.685437500
1.695187500
1.705000000
1.715000000
1.725187500
1.735437500
1.745500000
1.755187500
1.765000000
1.774562500
1.784875000
1.795062500
1.804875000
1.815125000
1.825125000
1.835125000
1.845000000
1.854687500
1.864500000
1.874062500
1.883750000
1.893500000
1.903437500
1.913062500
1.922687500
1.932312500
1.942312500
1.952562500
1.963000000	
1.972500000	
2.149625000
2.160312500
2.181000000
2.190312500
2.201687500
2.211125000
2.222875000
2.232562500
2.243125000
2.253500000	
2.262500000	
2.274000000	
