0.247812500
0.255375000
0.263250000
0.271187500
0.279000000
0.286875000
0.294812500
0.302812500
0.310812500
0.319000000
0.327312500
0.335875000
0.344500000
0.353250000
0.361875000
0.370312500
0.378625000
0.386750000
0.394875000
0.403000000
0.411125000
0.419125000
0.427187500
0.435312500
0.443437500
0.451687500
0.459875000
0.468062500
0.476312500
0.484625000
0.492875000
0.501062500
0.509375000
0.518312500
0.527937500
0.536500000
0.547875000
0.555562500
0.564125000
0.573000000
0.582125000
0.591812500
0.601875000
0.704250000
0.712687500
0.721437500
0.730500000
0.740062500
0.891250000
0.899187500
0.907187500
0.915375000
0.923500000
0.931750000
0.939875000
0.948062500
0.956187500
0.964187500
0.972312500
0.980312500
0.988312500
0.996250000
1.004125000
1.011937500
1.019687500
1.027375000
1.035000000
1.042562500
1.050125000
1.057625000
1.065187500
1.072812500
1.080750000
1.088812500
1.097000000
1.105375000
1.113500000
1.166062500
1.173437500
1.181750000
1.190375000
1.199250000
1.208250000
1.217375000
1.226562500
1.236062500
1.246375000
1.484937500
1.492562500
1.501375000
1.510812500
1.520500000
1.529437500
1.538500000
1.547687500
1.556937500
1.566187500
1.575500000
1.584875000
1.594437500
1.604187500
1.614062500
1.623937500
1.634125000
1.644250000
1.654625000
1.665437500
1.676375000
1.687625000
1.697875000
1.708312500
1.719125000
1.726750000
1.737812500	
1.748625000	
1.759875000	
