0.287375000
0.293687500
0.300875000
0.308062500
0.315187500
0.322687500
0.330750000
0.424625000
0.431500000
0.438937500
0.446687500
0.455375000
0.465125000
0.672437500
0.678875000
0.686187500
0.693375000
0.700437500
0.707625000
0.714937500
0.721937500
0.729062500
0.736250000
0.743375000
0.750250000
0.757375000
0.764312500
0.771375000
0.778437500
0.785375000
0.792625000
0.799812500
0.806875000
0.814250000
0.821625000
0.829312500
0.836937500
0.844687500
0.852562500
0.860562500
0.868687500
0.877000000
0.885625000
0.894375000
0.902625000
0.909625000
0.918187500
0.924750000
0.931812500
0.938687500
0.945750000
0.953250000
0.960937500
0.968437500
0.975937500
0.986187500
0.991875000
1.001125000
1.009562500
1.018812500
1.028062500
1.037562500
1.047187500
1.056437500
1.065750000
1.075062500
1.084187500
1.093062500
1.102062500
1.110937500
1.119687500
1.128312500
1.136812500
1.145187500
1.153500000
1.161562500
1.169750000
1.177562500
1.185375000
1.193250000
1.200937500
1.208687500
1.216687500
1.224812500
1.233937500
1.427750000
1.434687500
1.442562500
1.450437500
1.458437500
1.466625000
1.474875000
1.483375000
1.492125000
1.501187500
1.510500000
1.520187500
1.529875000
1.540625000
1.551375000
1.562937500
1.574562500
1.585375000
1.596937500
1.608062500
1.619875000
1.631000000
1.650000000
1.676375000
1.683687500
1.691562500
1.699687500
1.708125000
1.726000000
1.735062500
1.745000000
1.754875000
1.764812500
1.774750000
1.784625000
1.794312500
1.804562500
1.815125000
1.825625000
1.835062500
1.844562500
1.854500000
1.864312500
1.874312500
1.884562500
1.894937500
1.905000000
1.915062500
1.925000000
1.935375000
1.945375000
1.955250000
1.965250000
1.975062500
1.984875000
1.994625000
2.004437500
2.014250000
2.024125000
2.034062500
2.043937500
2.053937500
2.063875000
2.073812500
2.083750000
2.093750000
2.104125000
2.114562500
2.125187500
2.135875000
2.147000000
2.158687500
2.169937500
2.182312500
2.193187500
2.203812500
2.215875000
2.226750000
2.237812500
2.249250000
