0.161937500
0.247812500
0.256000000
0.264625000
0.273250000
0.281937500
0.291312500
0.300687500
0.310562500
0.320250000
0.329812500
0.339562500
0.349312500
0.358750000
0.368125000
0.377187500
0.386250000
0.395062500
0.403750000
0.412125000
0.420375000
0.428500000
0.436562500
0.444375000
0.452000000
0.459375000
0.466750000
0.473875000
0.480812500
0.487562500
0.494250000
0.500750000
0.507437500
0.514125000
0.520312500
0.527437500
0.534125000
0.674250000
0.680250000
0.688250000
0.696000000
0.704000000
0.711937500
0.720000000
0.728187500
0.736500000
0.744875000
0.753312500
0.761937500
0.770750000
0.779625000
0.788875000
0.798312500
0.808000000
0.817937500
0.827937500
0.838187500
0.848687500
0.859250000
0.869687500
0.879625000
0.889750000
0.900812500
0.907375000
1.000750000
1.009687500
1.019437500
1.028875000
1.038937500
1.214000000
1.222187500
1.230750000
1.239437500
1.248125000
1.256750000
1.265500000
1.274250000
1.283000000
1.291875000
1.300687500
1.309750000
1.318562500
1.327750000
1.336812500
1.345687500
1.354687500
1.363625000
1.372375000
1.380937500
1.389687500
1.398375000
1.407062500
1.415750000
1.424312500
1.433062500
1.448187500
1.578750000
1.588000000
1.597437500
1.606875000
1.616312500
1.625875000
1.635562500
1.645125000
1.654875000
1.664562500
1.674125000
1.683562500
1.693000000
1.702375000
1.711625000
1.720812500
1.729812500
1.738750000
1.747625000
1.756437500
1.765312500
1.774187500
1.783062500
1.792062500
1.801062500
1.810062500
1.819375000
1.828625000
1.837937500
1.847187500
1.856500000
1.966250000
1.973687500
1.982937500
1.992312500
2.001812500
2.011375000
2.021000000
2.030750000
2.040437500
2.050375000
2.060500000
2.070812500
2.081062500
2.091750000
2.103187500
2.114687500
2.125562500
2.136812500
2.146062500
2.156500000
