0.097062500
0.241687500
0.248875000
0.258562500
0.271312500
0.422000000
0.428562500
0.437187500
0.443937500
0.451437500
0.459812500
0.466562500
0.474437500
0.481812500
0.489437500
0.497062500
0.633375000
0.640437500
0.647937500
0.655750000
0.663625000
0.671812500
0.680250000
0.689000000
0.698125000
0.708312500
0.856687500
0.864125000
0.873687500
0.882875000
0.892312500
0.901875000
0.911375000
0.921000000
0.930500000
0.940000000
0.949687500
0.959312500
0.969312500
0.979187500
0.989250000
0.999500000
1.010000000
1.020562500
1.031437500
1.042625000
1.053875000
1.065375000
1.076937500
1.088750000
1.100625000
1.111562500
1.123125000
1.134562500
1.145562500
1.156562500
1.167687500
1.179062500
1.191312500
1.325312500
1.331687500
1.341875000
1.350937500
1.361812500
1.372062500
1.382625000
1.393625000
1.404750000
1.460750000
1.471062500
1.481062500
1.491250000
1.501562500
1.512500000
1.523062500
1.533875000
1.545750000
1.664562500
1.673750000
1.684062500
1.694375000
1.704875000
1.715812500
1.726625000
1.737437500
1.748187500
1.759062500
1.770187500
1.781625000
1.792875000
1.803937500
1.815375000
1.825937500
1.837437500
