0.328375000
0.411500000
0.419687500
0.428687500
0.438562500
0.515187500
0.522250000
0.530937500
0.540187500
0.549375000
0.558625000
0.567812500
0.577250000
0.587000000
0.596437500
0.603562500
0.613562500
0.620062500
0.628062500
0.637187500
0.648125000
0.729562500
0.736875000
0.744750000
0.752437500
0.759937500
0.767375000
0.774937500
0.782625000
0.790500000
0.798375000
0.806187500
0.813812500
0.821375000
0.828750000
0.835875000
0.842937500
0.850000000
0.856937500
0.863875000
0.870812500
0.877812500
0.884812500
0.891812500
0.898875000
0.905937500
0.913125000
0.920250000
0.927437500
0.934687500
0.942062500
0.949500000
0.957062500
0.964812500
0.972625000
0.980437500
0.988375000
0.996250000
1.003937500
1.011687500
1.019375000
1.027062500
1.034750000
1.042437500
1.050125000
1.057812500
1.065562500
1.073312500
1.081125000
1.089250000
1.097875000
1.106562500
1.114875000
1.123625000
1.132625000
1.141000000
1.149500000
1.157625000
1.165812500
1.173937500
1.182125000
1.190437500
1.198812500
1.207250000
1.215812500
1.224562500
1.233750000
1.243187500
1.252687500
1.262062500
1.271437500
1.280750000
1.290187500
1.299812500
1.309625000
1.319687500
1.460562500
1.468375000
1.476562500
1.484812500
1.493187500
1.501500000
1.509687500
1.517812500
1.525875000
1.534000000
1.542062500
1.550250000
1.558562500
1.567750000
1.670187500
1.679437500
1.689062500
1.698875000
1.708625000
1.718812500
1.728812500
1.739125000
1.749312500
1.759875000
1.770250000
1.780750000
1.791125000
1.801500000
1.811750000
1.821750000
1.831625000
1.841312500
1.851000000
1.861062500
1.870625000
1.880687500
1.890500000
1.900562500
1.910875000
1.920812500
1.931062500
1.940625000
1.950000000
1.959750000
1.969500000
1.980937500
1.990812500
2.000625000
2.010250000
2.019812500
2.029125000
2.038375000
2.047562500
2.056625000
2.065625000
2.074687500
2.083812500
2.093000000
2.102187500
2.111625000
2.121125000
2.130812500
2.140687500
2.150375000
2.160625000
2.171000000
2.181375000
2.192125000
2.203250000
2.214812500
2.508625000
2.579250000
2.596625000
2.606062500
2.615187500
2.624750000
2.634187500
2.643687500
2.653437500
2.663375000
2.673375000
2.683437500
2.692875000
2.703187500
2.712625000
2.722625000
2.732125000
2.741687500
2.750937500
2.760000000
2.769437500
2.778375000
2.787937500
2.797125000
2.806187500
2.815375000
2.825437500
2.835937500
2.846687500
2.887625000
2.896875000
2.906125000
2.915312500
2.924500000
2.933937500
2.943375000
2.952812500
2.962187500
2.971500000
2.980687500
2.989937500
2.999187500
3.008437500
3.017625000
3.026937500
3.036187500
3.045312500
3.054500000
3.063750000
3.073062500
3.082437500
3.091875000
3.101375000
3.110937500
3.120312500
3.129937500
3.139500000
3.149125000
3.158812500
3.168625000
3.178375000
3.188250000
3.198062500
3.208062500
3.218000000
3.228250000
3.238562500
3.249000000
3.259562500
3.270250000
3.281125000
3.292375000
3.303250000
3.314500000
3.326125000
3.338250000
3.349750000
3.361750000
3.372250000
