0.207750
0.280438
0.289000
0.297812
0.307000
0.316250
0.325375
0.334562
0.343750
0.353125
0.362312
0.371125
0.379563
0.387875
0.396062
0.404187
0.412187
0.420125
0.427875
0.435563
0.443125
0.450562
0.457938
0.465187
0.472375
0.479625
0.487188
0.693750
0.700812
0.708250
0.715812
0.723563
0.731375
0.739313
0.747500
0.755500
0.763563
0.771625
0.779813
0.788438
0.797375
0.806937
0.814562
0.862938
0.870250
0.879500
0.889250
0.899000
0.909125
0.919875
0.977875
0.985000
0.993875
1.002875
1.011875
1.020938
1.029938
1.039063
1.048250
1.057625
1.066938
1.076375
1.085875
1.095625
1.105750
1.116188
1.126813
1.138000
1.148625
1.159938
1.170000
1.181375
1.191938
1.579687
1.612562
1.621438
1.631312
1.641812
1.798563
1.806688
1.815250
1.823563
1.831938
1.840437
1.848813
1.857188
1.865625
1.874063
1.882562
1.891063
1.899625
1.908250
1.916875
1.925750
1.934938
1.944563
1.954563
1.962500
1.984875
1.993313
2.002375
2.012000
2.021500
2.030937
2.040500
2.050187
2.060250
2.070688
2.081313
2.092125
2.101750
2.111125
2.120438
2.129750
2.139000
2.148125
2.157563
2.166688
2.175875
2.185313
2.194875
2.204312
2.213875
2.223375
2.233063
2.242625
2.380125
2.387500
2.396063
2.404938
2.414063
2.423750
2.433313
2.443500
2.453375
2.464500
2.531312
2.539438
2.549187
2.558875
2.568500
2.578187
2.588000
2.597812
2.607625
2.617250
2.627250
2.637375
2.647438
2.657688
2.668125
2.679438
2.690125
2.701188
2.711313
2.721438
2.731500
2.742250
2.753063
