0.361187500
0.366250000
0.373125000
0.379750000
0.386375000
0.393125000
0.399687500
0.406187500
0.412625000
0.419062500
0.425437500
0.431812500
0.438187500
0.444687500
0.451187500
0.457937500
0.464875000
0.472000000
0.479312500
0.568500000
0.575500000
0.583437500
0.591625000
0.600000000
0.608625000
0.617312500
0.626125000
0.635125000
0.644312500
0.653562500
0.663062500
0.672687500
0.682625000
0.692875000
0.703500000
0.714187500
0.724375000
0.735125000
0.744500000
0.756062500
0.765625000
0.777187500
0.788437500
0.800312500
0.940562500
0.947250000
0.956625000
0.966312500
0.975625000
0.985187500
0.994937500
1.005000000
1.015750000
1.025375000	
1.095125000
1.101812500
1.110375000
1.118812500
1.127250000
1.135625000
1.144000000
1.152375000
1.160812500
1.169250000
1.177687500
1.186187500
1.194687500
1.203187500
1.211750000
1.220312500
1.228875000
1.237375000
1.245937500
1.254625000
1.263437500
1.272375000
1.281687500
1.291187500
1.300937500
1.310500000
1.319875000
1.329187500
1.338687500
1.348250000
1.358125000
1.368187500
1.379000000
1.389562500
1.400187500
1.411375000
1.565187500
1.573812500
1.582812500
1.591812500
1.600812500
1.609937500
1.619000000
1.628000000
1.637062500
1.646437500
1.655500000
1.664500000
1.673625000
1.682625000
1.692250000
1.701437500
1.711375000
1.719625000	
1.730750000	
1.740500000	
1.751437500
1.760250000
1.769750000
1.779500000
1.789062500
1.798562500
1.808187500
1.818187500
1.828812500
1.998312500
2.005125000
2.014875000
2.023562500
2.032625000
2.041750000
2.050937500
2.060437500
2.070500000
2.081062500
2.092187500
2.100750000	
2.110937500	
2.123812500
2.133062500
2.142625000
2.152687500
2.162687500
2.172750000
2.183312500
2.193937500
2.204937500
2.216187500
2.227000000
2.237812500
2.248625000
2.259875000
2.270625000
2.279812500	
2.290562500
2.301312500
2.312000000
