0.153125000
0.249375000
0.258562500
0.315625000
0.323625000
0.331875000
0.340062500
0.348250000
0.356625000
0.365250000
0.373937500
0.383062500
0.392375000
0.401375000
0.410375000
0.419312500
0.428312500
0.437187500
0.446062500
0.455187500
0.464187500
0.474000000
0.483437500
0.493500000
0.500562500
0.567500000
0.574687500
0.581250000
0.588062500
0.594562500
0.601125000
0.607875000
0.614812500
0.621375000
0.628437500
0.636250000
0.642812500
0.771937500
0.778187500
0.785500000
0.792750000
0.800375000
0.807875000
0.815687500
0.823437500
0.831250000
0.838937500
0.846812500
0.855375000
0.951312500
0.959500000
0.968375000
0.977437500
0.987125000
0.997500000
1.008625000
1.019125000
1.029312500
1.039625000
1.050250000
1.061250000
1.072687500
1.084187500
1.095937500
1.107562500
1.119875000
1.131187500
1.142750000
1.153562500
1.165125000
1.176875000
1.343625000
1.437937500
1.447562500
1.456750000
1.466250000
1.476000000
1.485687500
1.495562500
1.505625000
1.515687500
1.525625000
1.535687500
1.545750000
1.555500000
1.565187500
1.574500000
1.583687500
1.593000000
1.602000000
1.610937500
1.620375000
1.629625000
1.639000000
1.648625000
1.815062500
1.821687500
1.831625000
1.841500000
1.851187500
1.860750000
1.870312500
1.879625000
1.888875000
1.898125000
1.907187500
1.916250000
1.925312500
1.934187500
1.943187500
1.952250000
1.961125000
1.970125000
1.978812500
1.987562500
1.996125000
2.005375000
2.015750000
2.023625000
2.079062500
2.088062500
2.096937500
2.105875000
2.114937500
2.123937500
2.133312500
2.142625000
2.152062500
2.161562500
2.171187500
2.180562500
2.190625000
2.200500000
2.251375000
2.258187500
2.268500000
2.278562500
2.288875000
2.299250000
2.309687500
2.320250000
2.330812500
2.341750000
2.352812500
2.364375000
2.371625000
2.398937500
2.405937500
