0.083187500
0.245437500
0.253187500
0.261000000
0.269125000
0.279312500
0.447437500
0.454750000
0.462500000
0.470187500
0.477750000
0.485312500
0.492625000
0.499875000
0.506937500
0.513937500
0.520937500
0.527937500
0.534875000
0.541687500
0.548312500
0.554687500
0.561125000
0.567500000
0.574000000
0.580375000
0.586812500
0.593312500
0.600000000
0.607187500
0.613250000
0.619812500
0.626375000
0.633062500
0.639812500
0.646687500
0.653625000
0.660750000
0.667937500
0.675562500
0.683687500
0.692875000
0.892875000
0.900000000
0.907375000
0.914750000
0.922187500
0.929687500
0.937250000
0.944875000
0.952500000
0.960562500
0.968687500
0.976812500
0.984875000
0.993000000
1.001250000
1.009812500
1.018750000
1.028437500
1.037875000
1.046875000
1.164437500
1.174437500
1.184687500
1.195125000
1.205625000
1.216250000
1.227062500
1.238187500
1.249500000
1.260687500
1.272062500
1.284062500
1.292187500
1.303687500
1.312562500
1.322562500
1.333500000
1.343937500
1.352500000
1.362250000
1.370750000
1.379562500
1.388500000
1.405812500
1.415062500
1.424875000
1.434937500
1.524375000
1.532812500
1.541500000
1.550312500
1.559312500
1.568437500
1.577812500
1.587375000
1.597312500
1.607750000
1.618062500
1.627000000
1.635812500
1.644625000
1.653312500
1.662000000
1.670750000
1.679562500
1.688125000
1.696562500
1.705000000
1.942750000
1.952875000
1.963312500
1.973500000
1.983437500
1.993625000
2.004062500
2.014562500
2.025312500
2.036312500
2.047312500
2.058125000
2.067750000
2.077750000
2.088875000
2.098812500
2.110062500
2.120937500
2.132250000
2.143562500
2.155187500
2.167250000
2.260875000
2.269312500
2.279375000
2.290000000
2.300687500
2.311687500
2.322687500
2.333937500
2.345812500
2.357125000
2.366625000
2.378250000
2.389187500
2.398375000
2.408812500
2.419875000
2.430312500
2.439750000
2.450125000
2.459125000
2.469000000
2.480000000
