0.307500000	
0.315375000	
0.323125000	
0.331125000	
0.339625000	
0.443000000	
0.448875000	
0.456250000	
0.462625000	
0.469500000	
0.477000000	
0.484375000	
0.492250000	
0.500000000	
0.508875000	
0.607000000	
0.614625000	
0.622625000	
0.630750000	
0.638625000	
0.646875000	
0.654625000	
0.662750000	
0.670875000	
0.679000000	
0.687250000	
0.695500000	
0.703875000	
0.712375000	
0.720625000	
0.728500000	
0.737125000	
0.745000000	
0.753625000	
0.762000000	
0.770500000	
0.779125000	
0.787875000	
0.797000000	
0.806125000	
0.815875000	
0.825500000	
0.834375000	
0.843250000	
0.851750000	
0.861000000	
0.870625000	
0.879875000	
0.889375000	
0.898875000	
0.908625000	
0.918000000	
0.927625000	
0.937500000	
0.947500000	
0.956125000	
1.200375000	
1.208625000	
1.217875000	
1.227375000	
1.236000000	
1.245500000	
1.254625000	
1.263750000	
1.272625000	
1.281875000	
1.290750000	
1.299500000	
1.308125000	
1.316750000	
1.326000000	
1.335000000	
1.344250000	
1.353625000	
1.363125000	
1.372750000	
1.382000000	
1.392125000	
1.401125000	
1.411125000	
1.420750000	
1.430375000	
1.439625000	
1.448750000	
1.458125000	
1.467875000	
1.477000000	
1.486500000	
1.496000000	
1.505625000	
1.515125000	
1.524875000	
1.534500000	
1.544375000	
1.554750000	
1.564750000	
1.575125000	
1.586000000	
1.723875000	
1.733125000	
1.742625000	
1.752250000	
1.762250000	
1.772875000	
1.783625000	
1.793875000	
1.804375000	
1.815750000	
1.826750000	
1.837625000	
1.849500000	
1.860750000	
