0.268125000
0.318187500
0.324937500
0.334812500
0.343125000
0.360062500
0.369812500
0.380375000
0.525125000
0.533375000
0.541312500
0.549125000
0.556500000
0.564625000
0.572937500
0.581000000
0.589250000
0.597562500
0.606125000
0.615000000
0.624062500
0.633562500
0.643937500
0.651375000
0.663125000
0.672375000
0.681125000
0.690375000
0.700437500
0.711187500
0.720437500
0.729500000
0.738250000
0.747500000
0.757187500
1.226125000
1.235125000
1.242125000
1.249000000
1.259000000
1.267625000
1.275937500
1.284187500
1.292500000
1.300875000
1.309250000
1.317812500
1.326500000
1.335500000
1.344625000
1.353500000
1.362250000
1.371062500
1.380000000
1.389125000
1.398375000
1.407750000
1.417000000
1.426250000
1.437562500
1.562125000
1.568000000
1.574875000
1.581812500
1.588437500
1.594750000
1.601812500
1.608937500
1.616250000
1.623187500
1.729937500
1.736125000
1.743312500
1.750437500
1.757687500
1.764937500
1.772250000
1.779500000
1.787500000
1.795375000
1.803437500
1.811625000
1.819937500
1.828500000
1.836937500
1.845625000
1.854375000
1.863250000
1.872312500
1.881437500
1.890625000
1.899937500
1.909562500
1.920187500
2.053687500
2.060937500
2.068625000
2.077250000
2.085937500
2.094500000
2.103250000
2.112062500
2.120937500
2.130000000
2.139187500
2.148687500
2.158437500
2.168437500
2.178562500
2.188937500
2.200000000
2.211000000
2.231562500
2.252187500
2.263937500
2.272375000
