0.199187500
0.229812500
0.236687500
0.246125000
0.255250000
0.264437500
0.275062500
0.284750000
0.319187500
0.327437500
0.337062500
0.346562500
0.355937500
0.365312500
0.374625000
0.383812500
0.393000000
0.402125000
0.411125000
0.420000000
0.428812500
0.437500000
0.446187500
0.454812500
0.463500000
0.472250000
0.481187500
0.490062500
0.498812500
0.507812500
0.516500000
0.524937500
0.533250000
0.541312500
0.549187500
0.557062500
0.564750000
0.572500000
0.580125000
0.587687500
0.595250000
0.602750000
0.610125000
0.617562500
0.625187500
0.632875000
0.640500000
0.648312500
0.656250000
0.664062500
0.671375000
0.678562500
0.685562500
0.692500000
0.699437500
0.706375000
0.713250000
0.720125000
0.727062500
0.734062500
0.741062500
0.748125000
0.755250000
0.762375000
0.769687500
0.777187500
0.784875000
0.793187500
0.920625000
0.927625000
0.935687500
0.943687500
0.951875000
0.960187500
0.968750000
0.977437500
0.986250000
0.995125000
1.003812500
1.013062500
1.022062500
1.031500000
1.052062500
1.061750000
1.070625000
1.079437500
1.088750000
1.098812500
1.187000000
1.195625000
1.204500000
1.213562500
1.223062500
1.232500000
1.242125000
1.252687500
1.377562500
1.385687500
1.394250000
1.403187500
1.412375000
1.421437500
1.430562500
1.439750000
1.448937500
1.458125000
1.467312500
1.476437500
1.485562500
1.494687500
1.503875000
1.513250000
1.522687500
1.532250000
1.542250000
1.677812500
1.685812500
1.696500000
1.706250000
1.716437500
1.726812500
1.737562500
1.749000000
1.890187500
1.900187500
1.911437500
1.922750000
1.934125000
1.945812500
1.957312500
1.989625000
2.000250000
