0.266562500	
0.275187500	
0.283937500	
0.292375000	
0.301000000	
0.309437500	
0.317937500	
0.326062500	
0.334250000	
0.342187500	
0.350062500	
0.358062500	
0.365875000	
0.373750000	
0.381687500	
0.389687500	
0.397750000	
0.406000000	
0.414312500	
0.422812500	
0.431625000	
0.441312500	
0.794562500	
0.905375000	
0.913125000	
0.922125000	
0.931312500	
0.940437500	
0.949437500	
0.958437500	
0.967687500	
0.977437500	
0.986812500	
0.996437500	
1.006437500	
1.016187500	
1.026062500	
1.035875000	
1.045687500	
1.055312500	
1.064750000	
1.073562500	
1.082375000	
1.090875000	
1.099250000	
1.107750000	
1.116312500	
1.124500000	
1.132812500	
1.141250000	
1.149562500	
1.158000000	
1.166250000	
1.174875000	
1.183312500	
1.192250000	
1.201000000	
1.209875000	
1.218937500	
1.228125000	
1.237562500	
1.247500000	
1.256812500	
1.268062500	
1.279125000	
1.302312500	
1.311687500	
1.361625000	
1.713625000	
1.722437500	
1.733562500	
1.743875000	
1.754687500	
1.810250000	
1.818250000	
1.838875000	
2.471187500	
2.478750000	
2.489562500	
2.497437500	
2.506312500	
2.517000000	
2.526812500	
2.537125000	
2.548375000	
3.040125000	
3.049250000	
3.058625000	
3.067625000	
3.076812500	
3.085937500	
3.094937500	
3.104187500	
3.113312500	
3.122187500	
3.131062500	
3.139937500	
3.149062500	
3.158062500	
3.167000000	
3.176125000	
3.185187500	
3.194437500	
3.203687500	
3.213187500	
3.222625000	
3.232187500	
3.241500000	
3.251000000	
3.260500000	
3.269750000	
3.279437500	
3.288937500	
3.298500000	
3.308562500	
3.320000000	
3.448125000	
3.456062500	
3.465250000	
3.474500000	
3.484187500	
3.493875000	
3.503562500	
3.513187500	
3.523375000	
3.533062500	
3.542687500	
3.553750000	
3.563812500	
3.574187500	
3.583562500	
3.596500000	
3.608312500	
3.618500000	
