0.301937500
0.310125000
0.318062500
0.326250000
0.335062500
0.343875000
0.353062500
0.362750000
0.372625000
0.382750000
0.402500000
0.409875000
0.418375000
0.427000000
0.436125000
0.446000000
0.541250000
0.548500000
0.556250000
0.564000000
0.571750000
0.579437500
0.587000000
0.594500000
0.601812500
0.609000000
0.616125000
0.623062500
0.629937500
0.636750000
0.643562500
0.650250000
0.657000000
0.663625000
0.670250000
0.676875000
0.683562500
0.690312500
0.697562500
0.778000000
0.783687500
0.790000000
0.796375000
0.803000000
0.809875000
0.817187500
0.825125000
0.938125000
0.944000000
0.951875000
0.959812500
0.967875000
0.976000000
0.984187500
0.992375000
1.000625000
1.008812500
1.017125000
1.025375000
1.033750000
1.042062500
1.050437500
1.058812500
1.067312500
1.075875000
1.084437500
1.093125000
1.101937500
1.110937500
1.120562500
1.131687500
1.194500000
1.203062500
1.213437500
1.223750000
1.235500000
1.369187500
1.376937500
1.384625000
1.392250000
1.400375000
1.408062500
1.416062500
1.608750000
1.617562500
1.628000000
1.638000000
1.648625000
1.657437500
1.669500000
1.678562500
1.689750000
1.697750000
1.709062500
1.718875000
1.729250000
1.742687500
1.876000000
1.892437500
1.899312500
1.933062500
1.943500000
1.951187500
1.959125000
1.967000000
1.982875000
1.991562500
2.000937500
2.010937500
2.021500000
2.032125000
2.042312500
2.051625000
2.061375000
2.153000000
2.162125000
2.171875000
2.182187500
2.192375000
2.202562500
2.213812500
2.224000000
2.256187500
2.264625000
2.274000000
2.283375000
2.292750000
2.302187500
2.311687500
2.321187500
2.330875000
2.340562500
2.350312500
2.360000000
2.369812500
2.379625000
2.389500000
2.399437500
2.409687500
2.420500000
2.431062500
2.442000000
2.452750000
2.463812500
2.474625000
2.484875000
2.496062500
2.505437500
2.515750000
2.526687500
2.534625000	
2.546062500	
