0.238687500
0.247000000
0.254937500
0.262687500
0.270437500
0.278062500
0.285500000
0.292750000
0.299875000
0.306812500
0.313625000
0.320312500
0.327000000
0.333625000
0.340187500
0.346750000
0.353250000
0.359750000
0.366312500
0.372937500
0.379562500
0.386250000
0.393062500
0.400000000
0.407062500
0.414125000
0.421375000
0.428750000
0.436250000
0.444000000
0.452062500
0.460437500
0.469250000
0.478437500
0.487937500
0.498000000
0.508125000
0.518500000
0.529125000
0.539750000
0.550500000
0.561375000
0.571875000
0.582625000
0.593812500
0.604875000
0.615125000
0.625875000
0.636625000
0.647375000
0.655937500
0.832812500
0.949937500
0.957625000
0.965937500
0.974250000
0.982500000
0.990812500
0.999125000
1.007375000
1.015687500
1.023875000
1.032125000
1.040312500
1.048750000
1.057562500
1.066062500
1.075062500
1.132625000
1.139250000
1.147500000
1.155812500
1.164187500
1.172687500
1.181312500
1.190000000
1.198875000
1.207750000
1.216750000
1.225812500
1.234937500
1.243812500
1.252562500
1.261500000
1.270437500
1.279437500
1.285937500
1.294687500
1.301562500
1.310500000
1.318062500
1.324750000
1.333125000
1.438062500
1.446062500
1.455125000
1.464687500
1.474250000
1.483812500
1.493875000
1.505062500
1.514437500
1.566812500
1.575187500
1.584250000
1.593125000
1.601875000
1.610750000
1.619562500
1.628187500
1.636687500
1.645125000
1.653500000
1.661750000
1.670000000
1.678250000
1.686562500
1.694875000
1.703187500
1.713062500
1.792437500
1.800812500
1.810875000
1.822375000
1.986625000
2.012437500
2.020250000
2.030812500
2.042937500
2.053687500
2.064312500
2.075375000
2.086687500
2.098125000
2.109375000
2.120312500
2.131875000
2.143125000
2.154125000
