0.156187500
0.265625000
0.273187500
0.281437500
0.289875000
0.298062500
0.307312500
0.439875000
0.447312500
0.456812500
0.466000000
0.475812500
0.486312500
0.554937500
0.562375000
0.570875000
0.579375000
0.588125000
0.597062500
0.606250000
0.615750000
0.625875000
0.636250000
0.646937500
0.658062500
0.669937500
0.681937500
1.259812500
1.292500000
1.301687500
1.310312500
1.319437500
1.328625000
1.337875000
1.347250000
1.356812500
1.366625000
1.376437500
1.386375000
1.396312500
1.406312500
1.416625000
1.426750000
1.436812500
1.447062500
1.456687500
1.467125000
1.476500000
1.486250000
1.495812500
1.505312500
1.514812500
1.524187500
1.533375000
1.542125000
1.550875000
1.559625000
1.568562500
1.697250000
1.705562500
1.714062500
1.723250000
1.858125000
1.866437500
1.875125000
1.883937500
1.893187500
1.902375000
1.911562500
1.920750000
1.930000000
1.939250000
1.948562500
1.957875000
1.967250000
1.976687500
1.986125000
1.995500000
2.005000000
2.014625000
2.023000000
2.032125000
2.040437500
2.049437500
2.057562500
2.066125000
2.074687500
2.083250000
2.091875000
2.101250000
2.284125000
2.291500000
2.300625000
2.309500000
2.318750000
2.328500000
2.463250000
2.472687500
2.484562500
2.495375000
2.506625000
2.518312500
2.585437500
2.624875000
2.633562500
