0.158750000
0.237125000
0.244875000
0.254312500
0.263250000
0.272250000
0.281187500
0.290187500
0.299125000
0.308562500
0.317625000
0.326687500
0.336437500
0.345250000
0.354062500
0.362562500
0.371125000
0.379437500
0.387500000
0.395375000
0.403312500
0.411062500
0.419000000
0.426750000
0.434562500
0.442250000
0.449937500
0.457562500
0.465437500
0.563062500
0.569750000
0.577187500
0.584625000
0.592187500
0.600250000
0.608375000
0.616937500
0.625687500
0.633812500
0.695562500
0.703187500
0.711187500
0.719312500
0.727375000
0.735375000
0.743375000
0.751437500
0.759187500
0.767375000
0.774875000
0.783687500
0.790750000
0.799750000
0.807000000
0.815187500
0.823187500
0.831500000
0.840312500
0.847500000
0.856062500
0.864125000
0.872500000
0.880937500
0.889375000
0.897687500
0.906125000
0.914687500
0.923375000
0.932500000
0.942250000
0.950750000
0.960812500	
0.989750000
0.997937500
1.007062500
1.016500000
1.026125000
1.036250000
1.046750000
1.057000000
1.066937500
1.076937500
1.087250000
1.096125000
1.137375000
1.146437500
1.155812500
1.236687500
1.244375000
1.252625000
1.261000000
1.270187500
1.279250000
1.288875000
1.298187500
1.307437500
1.317062500
1.327000000
1.338062500
1.459875000
1.467500000
1.475875000
1.484125000
1.492500000
1.501000000
1.509562500
1.518250000
1.527000000
1.536000000
1.545562500
1.596312500
1.603500000
1.611750000
1.620062500
1.628562500
1.637000000
1.645625000
1.654250000
1.663562500
1.672687500
1.682375000
1.692375000
1.702625000
1.712687500
1.722625000
1.732500000
1.742250000
1.752062500
1.821937500
1.829875000
1.838875000
1.847875000
1.856937500
1.866000000
1.875125000
1.884250000
1.893375000
1.902437500
1.911312500
1.920312500
1.929562500
1.938437500
1.947375000
1.955500000
1.965000000
1.973437500
1.982250000
1.991312500
2.000937500
2.009500000
2.118625000
2.139625000
2.147312500
2.156812500
2.166062500
2.175375000
2.184812500
2.194187500
2.203625000
2.213000000
2.222437500
2.231937500
2.241875000
2.251125000
2.260812500
2.271125000
2.280062500
2.343062500
2.350875000
2.360500000
2.370312500
2.379937500
2.389750000
2.399500000
2.409312500
2.419437500
2.429750000
2.440437500
2.452250000
2.459750000
2.478812500
