0.246812500	
0.253250000	
0.262437500	
0.271187500	
0.280187500	
0.289875000	
0.369875000	
0.376437500	
0.382875000	
0.389187500	
0.395562500	
0.401687500	
0.408250000	
0.414500000	
0.421062500	
0.427562500	
0.434812500	
0.601562500	
0.608187500	
0.614812500	
0.621562500	
0.628562500	
0.635625000	
0.642750000	
0.649937500	
0.657312500	
0.664937500	
0.672437500	
0.680125000	
0.687687500	
0.695250000	
0.702937500	
0.710875000	
0.718812500	
0.726875000	
0.735437500	
0.744062500	
0.753187500	
0.762125000	
0.770875000	
0.779625000	
0.788250000	
0.796937500	
0.805687500	
0.814312500	
0.823000000	
0.832500000	
0.841812500	
0.850500000	
0.859937500	
0.869437500	
0.879062500	
0.888500000	
0.898187500	
0.908375000	
0.918437500	
0.928250000	
0.938375000	
0.947937500	
0.957312500	
0.966187500	
0.974875000	
0.983500000	
0.992125000	
1.000625000	
1.227687500	
1.234562500	
1.243437500	
1.251750000	
1.260750000	
1.269687500	
1.278562500	
1.287625000	
1.297125000	
1.306875000	
1.461562500	
1.470125000	
1.478812500	
1.487375000	
1.496250000	
1.505000000	
1.513937500	
1.522750000	
1.531687500	
1.540750000	
1.549562500	
1.558500000	
1.567625000	
1.576500000	
1.585500000	
1.594500000	
1.603750000	
1.612875000	
1.621937500	
1.631375000	
1.640687500	
1.650062500	
1.659437500	
1.668687500	
1.678250000	
1.687750000	
1.696937500	
1.706500000	
1.716062500	
1.725687500	
1.735562500	
1.745250000	
1.755125000	
1.765312500	
1.775812500	
1.785750000	
1.795750000	
1.805500000	
1.815062500	
1.824562500	
1.833937500	
1.843625000	
1.853062500	
1.862812500	
1.872437500	
1.882375000	
1.892937500	
1.902562500	
1.912750000	
1.923062500	
1.934375000	
1.947125000	
1.955312500	
2.184312500	
2.192000000	
2.199750000	
2.207500000	
2.215312500	
2.223437500	
2.231812500	
2.250125000	
2.260250000	
2.336062500	
2.357812500	
2.367000000	
2.377062500	
2.386625000	
2.396125000	
2.405625000	
2.414937500	
2.423937500	
2.432875000	
2.442125000	
2.451250000	
2.461125000	
2.564750000	
2.572312500	
2.580937500	
2.589875000	
2.599062500	
2.608375000	
2.617437500	
2.627437500	
2.636500000	
2.773500000	
2.781375000	
2.790562500	
2.799812500	
2.809250000	
2.818625000	
2.828000000	
2.837562500	
2.847187500	
2.856937500	
2.866812500	
2.876812500	
2.887187500	
2.898375000	
2.909500000	
2.922125000	
