0.115437500
0.264250000
0.271937500
0.280125000
0.287937500
0.295875000
0.303687500
0.311500000
0.319375000
0.327125000
0.334812500
0.342562500
0.350375000
0.358375000
0.366562500
0.375062500
0.382125000
0.390250000
0.509062500
0.515000000
0.522187500
0.529437500
0.536875000
0.544312500
0.551812500
0.559562500
0.567250000
0.575000000
0.582937500
0.590875000
0.598750000
0.606812500
0.615000000
0.623250000
0.631937500
0.640375000
0.648875000
0.657187500
0.665562500
0.673875000
0.682312500
0.690687500
0.699312500
0.707875000
0.716500000
0.725250000
0.734125000
0.743000000
0.751812500
0.760875000
0.770125000
0.779562500
0.789000000
0.798562500
0.808062500
0.817437500
0.826812500
0.836187500
0.845625000
0.854875000
0.864250000
0.874000000
0.883312500
0.892812500
0.902312500
0.911875000
0.922000000
0.932937500
0.941562500
1.070562500
1.078375000
1.086687500
1.095062500
1.103500000
1.111875000
1.120375000
1.128875000
1.137250000
1.145500000
1.153812500
1.162000000
1.170062500
1.178187500
1.186250000
1.194562500
1.202812500
1.211437500
1.222000000
1.301187500
1.308687500
1.317375000
1.326625000
1.336437500
1.346437500
1.357125000
1.366062500
1.427687500
1.435625000
1.444375000
1.453187500
1.462250000
1.471312500
1.480312500
1.489500000
1.498500000
1.507687500
1.516875000
1.526187500
1.535500000
1.544875000
1.554500000
1.564187500
1.574062500
1.584000000
1.594125000
1.604125000
1.614250000
1.624500000
1.634375000
1.644687500
1.654437500
1.665187500
1.674375000
1.685375000
1.823562500
1.832437500
1.841812500
1.851187500
1.860375000
1.869562500
1.878875000
1.887812500
1.897187500
1.906187500
1.914875000
1.923812500
1.932625000
1.941250000
1.949937500
1.958437500
1.966937500
1.975187500
1.983562500
1.991812500
2.000000000
2.008375000
2.016625000
2.024937500
2.033250000
2.041500000
2.050062500
2.058250000
2.066937500
2.075625000
2.084812500
2.331875000
2.339750000
2.348812500
2.357687500
2.366625000
2.375812500
2.385062500
2.394750000
2.404687500
2.415000000
2.425062500
2.436125000
2.445812500
2.457625000
2.467625000
2.475500000
2.484625000
