0.322875000
0.331312500
0.339500000
0.347687500
0.355750000
0.363812500
0.371812500
0.379625000
0.387625000
0.395312500
0.402937500
0.410625000
0.418312500
0.425812500
0.433437500
0.440875000
0.448312500
0.455750000
0.463250000
0.470625000
0.477937500
0.485187500
0.492437500
0.499500000
0.506562500
0.513812500
0.520625000
0.527625000
0.534875000
0.541875000
0.549062500
0.556250000
0.563625000
0.571062500
0.578562500
0.586250000
0.594312500
0.746562500
0.752750000
0.760562500
0.768312500
0.776187500
0.784312500
0.792500000
0.800750000
0.809062500
0.817500000
0.826000000
0.834750000
0.843562500
0.852375000
0.861000000
0.869125000
0.877375000
0.885812500
0.894375000
0.903000000
0.911687500
0.920500000
0.929437500
0.938437500
0.947625000
0.956750000
0.965812500
0.975000000
0.984062500
0.993312500
1.002562500
1.012000000
1.021562500
1.031187500
1.040937500
1.051062500
1.060750000
1.071000000
1.081562500
1.092000000
1.102375000
1.112625000
1.122562500
1.132625000
1.142625000
1.152562500
1.162500000
1.172500000
1.182625000
1.193250000
1.204437500
1.214562500
1.226000000
1.260125000
1.266875000
1.276687500
1.286250000
1.295437500
1.304812500
1.314125000
1.323500000
1.332750000
1.342062500
1.351250000
1.360375000
1.369437500
1.378625000
1.387937500
1.397375000
1.406687500
1.416187500
1.425812500
1.435687500
1.445562500
1.455562500
1.465500000
1.475062500
1.484750000
1.494625000
1.504250000
1.513875000
1.524125000
1.533750000
1.543312500
1.553062500
1.562812500
1.572312500
1.582250000
1.592312500
1.601937500
1.611500000
1.622062500
1.629312500
1.640187500
1.648562500
1.657937500
