0.120250000
0.276125000
0.285187500
0.294687500
0.473625000
0.479875000
0.486437500
0.492750000
0.499062500
0.505437500
0.511812500
0.518750000
0.702125000
0.709437500
0.717000000
0.724875000
0.733312500
0.741500000
0.749937500
0.758562500
0.767437500
0.776562500
0.786062500
0.862562500
0.869125000
0.877625000
0.886312500
0.895125000
0.904062500
0.913250000
0.922500000
0.931875000
0.941375000
0.950875000
0.960437500
0.969937500
0.979250000
0.988312500
0.997062500
1.005562500
1.013937500
1.022125000
1.030312500
1.038437500
1.046562500
1.054625000
1.062750000
1.071000000
1.079312500
1.087750000
1.096250000
1.104937500
1.113875000
1.123125000
1.132750000
1.142437500
1.152562500
1.163250000
1.174250000
1.185500000
1.196687500
1.207812500
1.219062500
1.230250000
1.241625000
1.253312500
1.264187500
1.274937500
1.285750000
1.296500000
1.307625000
1.318937500
1.454625000
1.463125000
1.472187500
1.481312500
1.490687500
1.500187500
1.510000000
1.519812500
1.529687500
1.539625000
1.549750000
1.560000000
1.569812500
1.579625000
1.589562500
1.599687500
1.610000000
1.620375000
1.631000000
1.641625000
1.652625000
1.663250000
1.673875000
1.684500000
1.695250000
1.705562500
1.715250000
1.724437500
1.733437500
1.742250000
1.750875000
1.759437500
1.768062500
1.776812500
1.785812500
1.795000000
1.804500000
1.814437500
1.825187500
1.836625000
2.022312500
2.054125000
2.063437500
2.074000000
2.083687500
2.093125000
2.102812500
2.112625000
2.122437500
2.132875000
2.143625000
2.154625000
2.304375000
2.312875000
2.322375000
2.332062500
2.341750000
2.351500000
2.361312500
2.371187500
2.381312500
2.390937500
2.400875000
2.410562500
2.420375000
2.430375000
2.440312500
2.450437500
2.461312500
2.491812500
2.501187500
2.511062500
2.520875000
2.530812500
2.540875000
2.551000000
2.561062500
2.571125000
2.581250000
2.591625000
2.601875000
2.612375000
2.622875000
2.633625000
2.644375000
2.655625000
2.667250000
2.678562500
2.690125000
2.699000000
2.709500000
2.721250000
2.733750000
