0.301875000
0.309500000
0.317250000
0.325062500
0.332937500
0.341000000
0.349187500
0.357625000
0.366375000
0.375062500
0.383625000
0.392000000
0.400375000
0.408625000
0.416875000
0.425062500
0.433250000
0.441500000
0.449750000
0.458250000
0.466875000
0.475562500
0.484500000
0.494000000
0.504187500
0.515000000
0.523750000
0.546937500
0.555437500
0.564750000
0.574250000
0.583687500
0.593062500
0.602312500
0.611375000
0.620312500
0.629125000
0.637750000
0.646125000
0.654375000
0.662437500
0.670312500
0.678125000
0.685750000
0.693312500
0.700750000
0.708187500
0.715562500
0.722875000
0.730125000
0.737375000
0.744625000
0.751750000
0.758937500
0.766187500
0.773437500
0.780750000
0.788062500
0.795500000
0.803000000
0.810687500
0.818687500
0.826375000
0.833625000
0.840937500
0.848250000
0.855625000
0.863000000
0.870562500
0.878125000
0.885937500
0.894187500
0.901687500
0.910000000
0.918750000
0.963812500
0.971312500
0.979687500
0.988125000
0.996625000
1.005250000
1.013937500
1.022500000
1.031062500
1.039625000
1.048250000
1.056875000
1.065562500
1.074312500
1.083187500
1.092125000
1.101250000
1.110250000
1.119000000
1.127750000
1.136625000
1.145625000
1.154812500
1.164000000
1.173187500
1.182437500
1.191750000
1.200312500
1.209437500
1.217875000
1.228187500
1.234562500
1.266125000
1.273062500
1.280437500
1.288125000
1.296187500
1.304500000
1.313312500
1.322437500
1.331750000
1.340875000
1.350000000
1.359062500
1.368250000
1.377437500
1.386750000
1.396500000
1.405625000
1.415312500
1.424937500
1.434875000
1.444562500
1.454500000
1.464562500
1.474625000
1.484750000
1.495187500
1.505750000
1.516500000
1.527937500
1.539187500
