0.118625000
0.262062500
0.270000000
0.278437500
0.287125000
0.388687500
0.395500000
0.403687500
0.412000000
0.420437500
0.429000000
0.437750000
0.446437500
0.455187500
0.463937500
0.472687500
0.481312500
0.490000000
0.499000000
0.508187500
0.517437500
0.526687500
0.535875000
0.545000000
0.554062500
0.563062500
0.572125000
0.581312500
0.590625000
0.600187500
0.609875000
0.620500000
0.665187500
0.684937500
0.692500000
0.786937500
0.794812500
0.802500000
0.810000000
0.817437500
0.824875000
0.832375000
0.839750000
0.847125000
0.854500000
0.861937500
0.929937500
0.936625000
0.943750000
0.951062500
0.959187500
1.065312500
1.073437500
1.081875000
1.090750000
1.100000000
1.109187500
1.118625000
1.128500000
1.209687500
1.216937500
1.225125000
1.233562500
1.242000000
1.250500000
1.259000000
1.267625000
1.276187500
1.285062500
1.293687500
1.302625000
1.311562500
1.320937500
1.330375000
1.340187500
1.350500000
1.361250000
1.372125000
1.383437500
1.395125000
1.406562500
1.418625000
1.429937500
1.441562500
1.452437500
1.463250000
1.474750000
1.485875000
1.497000000
1.644937500
1.785562500
1.793312500
1.802562500
1.885562500
1.894500000
1.904000000
1.912937500
1.922625000
1.931875000
1.941375000
1.951562500
1.962187500
1.973625000
2.058125000
2.066375000
2.076625000
2.086812500
2.096750000
2.106750000
2.116062500
2.125437500
2.135812500
2.145687500
2.216875000
2.225562500
2.234875000
2.244000000
2.253250000
2.262187500
2.271000000
2.279500000
2.288062500
2.296750000
2.305625000
2.314687500
2.323687500
2.332625000
2.341750000
2.350687500
2.359375000
2.367937500
2.376437500
2.384812500
2.393187500
2.401687500
2.410125000
2.418750000
2.427687500
2.436625000
2.445625000
2.454562500
2.463562500
2.472562500
2.481437500
2.490312500
2.499187500
2.508062500
2.517000000
2.526062500
2.535125000
2.544125000
2.553312500
2.562750000
2.572000000
2.580937500
2.590125000
2.599375000
2.608500000
2.617687500
2.626812500
2.636062500
2.645250000
2.654562500
2.663812500
2.673187500
2.682687500
2.692562500
2.702625000
2.712750000
2.723312500
2.733750000
2.744375000
2.755125000
2.765937500
2.776937500
2.788000000
2.799375000
2.810625000
2.821187500
2.832500000
2.842687500
2.853375000
2.863687500
2.876312500
2.885937500
