0.248312500
0.256312500
0.265062500
0.273875000
0.282812500
0.291812500
0.300812500
0.309875000
0.319062500
0.328312500
0.337687500
0.347125000
0.356687500
0.366437500
0.376375000
0.386500000
0.396875000
0.407437500
0.417875000
0.428875000
0.439750000
0.451000000
0.462625000
0.474062500
0.485375000
0.497875000
0.954625000
0.998937500
1.007250000
1.016187500
1.025000000
1.033937500
1.042875000
1.052000000
1.061375000
1.071000000
1.080375000
1.089812500
1.099437500
1.109187500
1.118750000
1.128187500
1.137250000
1.145750000
1.154125000
1.162250000
1.170312500
1.178250000
1.186187500
1.194000000
1.201812500
1.209812500
1.288125000
1.294750000
1.301562500
1.308375000
1.315375000
1.322437500
1.329750000
1.337625000
1.346812500
1.459937500
1.467937500
1.476437500
1.485187500
1.494187500
1.503500000
1.512937500
1.522500000
1.532125000
1.542125000
1.552000000
1.561937500
1.571875000
1.581875000
1.592062500
1.602500000
1.613937500
1.709312500
1.716375000
1.724500000
1.732312500
1.740125000
1.747937500
1.755937500
1.764812500
1.920625000
1.927437500
1.934875000
1.942375000
1.949750000
1.957187500
1.964687500
1.972312500
1.979937500
1.987687500
1.995562500
2.003750000
2.012625000
2.138562500
2.146937500
2.155937500
2.165250000
2.174812500
2.184625000
2.194687500
2.204937500
2.215437500
2.225875000
2.236500000
2.247312500
2.258312500
2.269375000
2.280687500
2.292000000
2.303125000
2.314625000
2.326250000
2.338000000
2.350312500
2.362000000
2.374312500
