0.302687500
0.309062500
0.316625000
0.324000000
0.331250000
0.338750000
0.346187500
0.353562500
0.360875000
0.368375000
0.375812500
0.383437500
0.391437500
0.504000000
0.511125000
0.519875000
0.528125000
0.536937500
0.545937500
0.556562500
0.680562500
0.688125000
0.695937500
0.703875000
0.712062500
0.719875000
0.727875000
0.735875000
0.743875000
0.751875000
0.760000000
0.768187500
0.776375000
0.784875000
0.793437500
0.802187500
0.811000000
0.820062500
0.829000000
0.837875000
0.846812500
0.855687500
0.864562500
0.873437500
0.882312500
0.891125000
0.900000000
0.908812500
0.917625000
0.926437500
0.935125000
0.943875000
0.952687500
0.961437500
0.970250000
0.979062500
0.987812500
0.996687500
1.005437500
1.014250000
1.023062500
1.031937500
1.040875000
1.049937500
1.059125000
1.068625000
1.078250000
1.088000000
1.098000000
1.108125000
1.118562500
1.129125000
1.140000000
1.150687500
1.161375000
1.171750000
1.182375000
1.193062500
1.203625000
1.214250000
1.224937500
1.235750000
1.247187500
1.372625000
1.411625000
1.420125000
1.429437500
1.439312500
1.448875000
1.458062500
1.468000000
1.477625000
1.487062500
1.496500000
1.505687500
1.515375000
1.524750000
1.533875000
1.543375000
1.552687500
1.561875000
1.571000000
1.580875000
1.588562500
1.597562500
1.712625000
1.719562500
1.728625000
1.737375000
1.746250000
1.755437500
1.764312500
1.773125000
1.781625000
1.790375000
1.799312500
1.808375000
1.817125000
1.825875000
1.834687500
1.843437500
1.852250000
1.861062500
1.869937500
1.878562500
1.886937500
1.895312500
1.903687500
1.912187500
1.920812500
1.929437500
1.938125000
1.946875000
1.955625000
1.963937500
1.972812500
1.982000000
1.990937500
1.999562500
2.008750000
2.017937500
2.027500000
2.036812500
2.046062500
2.055375000
2.064312500
2.073750000
2.083562500
2.093125000
2.102875000
2.112562500
2.122312500
2.132250000
2.142437500
2.152312500
2.162187500
2.172062500
2.182125000
2.192312500
2.202687500
2.213562500
2.224062500
2.235625000
2.246875000
2.258312500
2.270125000
2.281625000
2.293687500
