0.240750000
0.249250000
0.257875000
0.266187500
0.274562500
0.282750000
0.290875000
0.298937500
0.306937500
0.314875000
0.322625000
0.330312500
0.337875000
0.345312500
0.352687500
0.359937500
0.367125000
0.374250000
0.381250000
0.388250000
0.395250000
0.402250000
0.409375000
0.416875000
0.424312500
0.432000000
0.439750000
0.447625000
0.455375000
0.462625000
0.469687500
0.476812500
0.484000000
0.491125000
0.498375000
0.505687500
0.513125000
0.520687500
0.528437500
0.536437500
0.544750000
0.553437500
0.562812500
0.714375000
0.721562500
0.730125000
0.738500000
0.747000000
0.755750000
0.764625000
0.773562500
0.782562500
0.791562500
0.800687500
0.809750000
0.818812500
0.828000000
0.837437500
0.847500000
0.856750000
0.920125000
0.928437500
0.937125000
0.945937500
0.955000000
0.964187500
0.973500000
0.982875000
0.992750000
1.002312500
1.012125000
1.022312500
1.033000000
1.080750000
1.089125000
1.098937500
1.108937500
1.118937500
1.129312500
1.139937500
1.151312500
1.325187500
1.333000000
1.341437500
1.350000000
1.358812500
1.367875000
1.377187500
1.387250000
1.498375000
1.593500000
1.601250000
1.610437500
1.619437500
1.628437500
1.637562500
1.646687500
1.655750000
1.665000000
1.674125000
1.683500000
1.693125000
1.702875000
1.712750000
1.723375000
1.734875000
1.745812500
1.757562500
1.788500000
1.798062500
1.808250000
1.818750000
1.829250000
1.848500000
1.868000000
1.878250000
1.889062500
1.900500000
2.021437500
2.030000000
2.039437500
2.049000000
2.058375000
2.067750000
2.077062500
2.086250000
2.095625000
2.105062500
2.114562500
2.124187500
2.133875000
2.218937500
2.228312500
2.238375000
2.250250000
2.262500000
2.270625000
