0.379562500
0.386625000
0.393562500
0.400500000
0.407437500
0.414312500
0.421250000
0.428062500
0.435062500
0.442125000
0.449562500
0.456875000
0.531812500
0.537250000
0.544062500
0.550937500
0.557875000
0.565000000
0.572250000
0.579875000
0.587812500
0.595875000
0.604187500
0.612562500
0.620687500
0.628500000
0.636250000
0.644000000
0.651875000
0.659875000
0.667750000
0.675875000
0.684125000
0.692500000
0.701062500
0.709875000
0.719000000
0.728500000
0.738500000
0.748625000
0.757312500
0.796937500
0.804750000
0.813312500
0.821687500
0.830187500
0.838687500
0.847250000
0.855812500
0.864375000
0.873312500
1.050875000
1.059062500
1.069375000
1.079375000
1.088937500
1.099625000
1.109375000
1.119875000
1.130250000
1.140687500
1.151500000
1.162125000
1.172937500
1.183500000
1.194250000
1.204812500
1.215000000
1.225812500
1.234875000
1.244500000
1.253750000
1.262812500
1.272875000
1.282750000
1.292375000
1.302750000
1.440062500
1.448500000
1.457000000
1.465687500
1.474375000
1.482937500
1.491687500
1.501250000
1.627625000
1.635000000
1.643562500
1.652000000
1.660687500
1.669437500
1.678375000
1.687437500
1.696562500
1.705812500
1.715125000
1.724500000
1.733875000
1.743375000
1.753187500
1.763437500
1.773562500
1.783750000
1.793875000
1.804125000
1.814500000
1.825000000
1.835687500
1.846937500
1.889625000
1.897812500
1.907250000
1.916750000
1.926312500
1.935875000
1.945625000
1.955250000
1.964812500
1.974250000
1.983625000
1.993125000
2.003250000
2.013062500
2.141562500
