0.115562500	
0.123000000	
0.131750000	
0.140187500	
0.148625000	
0.156875000	
0.165562500	
0.174562500	
0.183687500	
0.193062500	
0.203187500	
0.246000000	
0.253875000	
0.262125000	
0.270250000	
0.278500000	
0.286750000	
0.295125000	
0.303750000	
0.312437500	
0.321250000	
0.330187500	
0.339562500	
0.349750000	
0.421062500	
0.429062500	
0.437312500	
0.445375000	
0.453562500	
0.461500000	
0.469437500	
0.477437500	
0.485062500	
0.492687500	
0.500062500	
0.507500000	
0.514875000	
0.522062500	
0.529312500	
0.536562500	
0.543625000	
0.550750000	
0.558062500	
0.565437500	
0.572875000	
0.580375000	
0.587937500	
0.595687500	
0.603500000	
0.611437500	
0.619250000	
0.627062500	
0.634750000	
0.642437500	
0.650000000	
0.657250000	
0.664500000	
0.671625000	
0.678875000	
0.685875000	
0.693312500	
0.700187500	
0.707750000	
0.715125000	
0.722687500	
0.730062500	
0.737625000	
0.745062500	
0.752937500	
0.760812500	
0.768937500	
0.777312500	
0.785937500	
0.795000000	
0.804312500	
0.813812500	
0.823437500	
0.832937500	
0.841937500	
0.851875000	
0.861562500	
0.871625000	
0.881750000	
0.892375000	
0.903187500	
1.026187500	
1.355187500	
1.364750000	
1.372687500	
1.381625000	
1.391000000	
1.401062500	
1.411062500	
1.421750000	
1.431937500	
1.441000000	
1.450187500	
1.459750000	
1.469625000	
1.479687500	
1.490125000	
1.501000000	
1.511875000	
1.523375000	
1.534312500	
1.543875000	
1.553312500	
1.562500000	
1.571750000	
1.581187500	
1.590250000	
1.599687500	
1.608625000	
1.617625000	
1.626375000	
1.635187500	
1.643875000	
1.652375000	
1.660750000	
1.669125000	
1.677562500	
1.685750000	
1.694187500	
1.702375000	
1.710500000	
1.718562500	
1.726750000	
1.735125000	
1.744625000	
1.752875000	
1.760937500	
1.768937500	
1.777250000	
1.785625000	
1.793937500	
1.802687500	
1.812250000	
1.822000000	
1.832125000	
1.843000000	
1.853687500	
1.882437500	
1.891625000	
1.901062500	
1.910375000	
1.920187500	
1.930062500	
1.940187500	
1.950875000	
1.962062500	
2.131312500	
2.139375000	
2.148812500	
2.157937500	
2.167437500	
2.176750000	
2.185937500	
2.195500000	
2.205625000	
2.216687500	
2.345375000	
2.353062500	
2.362062500	
2.370750000	
2.379437500	
2.388562500	
2.397625000	
2.406375000	
2.415625000	
2.424625000	
2.433875000	
2.443000000	
2.452375000	
2.461500000	
2.470875000	
2.480812500	
2.621875000	
2.629312500	
2.640250000	
2.649000000	
2.659187500	
2.669000000	
2.679250000	
2.842250000	
