0.267500000	
0.275937500	
0.284187500	
0.292687500	
0.301937500	
0.375062500	
0.381750000	
0.390250000	
0.399062500	
0.408250000	
0.418062500	
0.428500000	
0.520687500	
0.529062500	
0.537687500	
0.546250000	
0.554625000	
0.563062500	
0.571437500	
0.579625000	
0.587625000	
0.595437500	
0.603437500	
0.611125000	
0.618750000	
0.626312500	
0.633875000	
0.641500000	
0.649062500	
0.656437500	
0.663812500	
0.671187500	
0.678437500	
0.685562500	
0.692562500	
0.699750000	
0.706750000	
0.714062500	
0.721312500	
0.728687500	
0.736125000	
0.743562500	
0.751062500	
0.758437500	
0.766000000	
0.773625000	
0.781312500	
0.788937500	
0.796625000	
0.804312500	
0.811875000	
0.819687500	
0.827437500	
0.835625000	
0.844562500	
0.854125000	
0.921562500	
0.930187500	
0.940312500	
0.950812500	
0.963000000	
1.124062500	
1.131625000	
1.139500000	
1.147250000	
1.155187500	
1.163000000	
1.170687500	
1.178625000	
1.187062500	
1.256750000	
1.264187500	
1.271812500	
1.279500000	
1.287562500	
1.295500000	
1.303625000	
1.312500000	
1.444875000	
1.453125000	
1.461750000	
1.471000000	
1.482687500	
1.652750000	
1.660812500	
1.669312500	
1.677875000	
1.686750000	
1.695812500	
1.704812500	
1.713812500	
1.722937500	
1.732250000	
1.741625000	
1.751250000	
1.760937500	
1.770750000	
1.780875000	
1.791125000	
1.801562500	
1.812687500	
1.825687500	
1.940812500	
1.949000000	
1.960062500	
1.970375000	
1.981125000	
1.991875000	
2.003187500	
2.015187500	
