0.234312500
0.267187500
0.276312500
0.284625000
0.294187500
0.303375000
0.313187500
0.323687500
0.422187500
0.430000000
0.437875000
0.445500000
0.453187500
0.460687500
0.468125000
0.475500000
0.482812500
0.490062500
0.497375000
0.504875000
0.512812500
0.668812500
0.676375000
0.684000000
0.691750000
0.699812500
0.708125000
0.716625000
0.725437500
0.734500000
0.743750000
0.753125000
0.762625000
0.772000000
0.781375000
0.790375000
0.799937500
0.808937500
0.817812500
0.826625000
0.835375000
0.844125000
0.852937500
0.861687500
0.870500000
0.879250000
0.888000000
0.896750000
0.905562500
0.914312500
0.923062500
0.931812500
0.940750000
1.074375000
1.081625000
1.091000000
1.100500000
1.110187500
1.120062500
1.130187500
1.139750000
1.149875000
1.160500000
1.172250000
1.302937500
1.310812500
1.319937500
1.329250000
1.338562500
1.348000000
1.357500000
1.367062500
1.376375000
1.385812500
1.395312500
1.404812500
1.414187500
1.423562500
1.433125000
1.551437500
1.580187500
1.591187500
1.602000000
