0.168687500
0.249562500
0.258000000
0.266812500
0.276625000
0.285062500
0.295000000
0.304250000
0.313500000
0.322750000
0.332062500
0.341500000
0.350125000
0.359437500
0.369187500
0.378187500
0.387437500
0.396375000
0.405875000
0.414500000
0.423000000
0.431250000
0.439250000
0.447000000
0.454625000
0.461812500
0.469250000
0.476750000
0.484187500
0.491875000
0.647500000
0.653812500
0.660937500
0.668250000
0.675750000
0.683687500
0.692062500
0.700562500
0.709312500
0.718312500
0.727750000
0.737375000
0.747562500
0.806125000
0.813875000
0.822125000
0.830250000
0.838562500
0.847125000
0.855437500
0.863750000
0.871812500
0.880125000
0.888437500
0.896687500
0.904750000
0.912812500
0.921000000
0.929375000
0.937437500
0.945437500
0.953187500
0.961187500
0.969312500
0.977562500
0.986375000
0.995437500
1.004687500
1.013812500
1.023000000
1.032187500
1.041187500
1.051000000
1.060687500
1.070375000
1.080875000
1.091187500
1.101687500
1.112937500
1.123875000
1.134687500
1.146062500
1.157812500
1.168812500
1.179750000
1.190875000
1.202062500
1.212062500
1.230562500
1.239937500
1.510375000
1.519250000
1.528875000
1.538250000
1.547625000
1.557187500
1.566500000
1.577375000
1.586750000
1.701687500
1.709187500
1.718125000
1.728125000
1.737187500
1.747187500
1.758000000
1.769125000
1.781625000
1.826437500
1.834500000
1.843062500
1.852250000
1.861312500
1.871562500
1.880812500
1.890125000
1.899375000
1.908562500
1.917687500
1.926375000
1.935437500
1.944437500
1.953312500
1.962187500
1.970687500
1.979625000
1.988312500
1.997500000
2.006437500
2.015500000
2.024812500
2.033875000
2.043312500
2.053437500
2.064250000
2.103750000
2.109937500
2.118625000
2.127250000
2.136125000
2.144750000
2.153375000
2.162062500
2.170812500
2.179250000
2.188187500
2.197312500
2.207125000
2.216687500
2.226937500
2.237000000
2.247187500
2.256875000
2.267000000
2.277312500
2.288187500
2.299250000
2.310687500
2.322562500
2.334250000
2.346125000
2.357562500
2.368437500
2.379000000
2.389687500
2.401125000
