0.266500000
0.275500000
0.285000000
0.295250000
0.443687500
0.450750000
0.457875000
0.464812500
0.471812500
0.478750000
0.485750000
0.492750000
0.499687500
0.506625000
0.513500000
0.520437500
0.527375000
0.534312500
0.541312500
0.548375000
0.555437500
0.562562500
0.569750000
0.576937500
0.584125000
0.591312500
0.598500000
0.605750000
0.613062500
0.620375000
0.627687500
0.635062500
0.642375000
0.649750000
0.657062500
0.664437500
0.671875000
0.679437500
0.687062500
0.694875000
0.702875000
0.711062500
0.719500000
0.728312500
0.737375000
0.747125000
0.757375000
0.825375000
0.833812500
0.842312500
0.850875000
0.859437500
0.868062500
0.876750000
0.885437500
0.894062500
0.902625000
0.911312500
0.920250000
0.929562500
0.939062500
0.949187500
0.959437500
0.970062500
0.980812500
0.992187500
1.004187500
1.148875000
1.157750000
1.168562500
1.179875000
1.323625000
1.332312500
1.341125000
1.349937500
1.358937500
1.368062500
1.377125000
1.386125000
1.395125000
1.404937500
1.677375000
1.685937500
1.695875000
1.705187500
1.715062500
1.724625000
1.734187500
1.743875000
1.753375000
1.762937500
1.772437500
1.781937500
1.791875000
1.880312500
1.889500000
1.899250000
1.910125000
1.921187500
2.054000000
2.063375000
2.073625000
2.083750000
2.093937500
2.104125000
2.114312500
2.124625000
2.134500000
2.145812500
2.155437500
