0.243062500
0.250812500
0.259562500
0.267687500
0.275812500
0.283750000
0.291562500
0.299062500
0.306625000
0.313812500
0.321000000
0.328062500
0.335000000
0.342000000
0.519375000
0.527250000
0.535250000
0.543312500
0.551375000
0.559500000
0.567750000
0.576062500
0.584375000
0.592750000
0.601062500
0.609375000
0.617812500
0.626187500
0.634750000
0.643312500
0.652125000
0.661375000
0.671125000
0.681000000
0.688687500	
0.698812500	
0.710062500
0.718687500
0.728437500
0.738062500
0.748500000
0.759500000
0.880375000
0.887812500
0.896750000
0.905312500
0.914125000
0.923000000
0.932000000
0.941125000
0.950375000
0.959687500
0.968812500
0.978062500
0.987250000
0.996312500
1.005562500
1.014875000
1.024125000
1.033687500
1.043000000
1.052750000
1.062500000
1.072562500
1.082500000
1.092500000
1.102375000
1.112187500
1.121937500
1.132000000
1.142250000
1.150937500
1.160312500	
1.167937500
1.175562500
1.183750000	
1.190625000	
1.197500000	
1.203437500	
1.210937500	
1.217812500	
1.226250000	
1.233437500	
1.241562500	
1.250625000	
1.258437500	
1.267375000
1.275687500
1.284187500
1.292812500
1.301500000
1.310125000
1.318750000
1.327312500
1.335875000
1.344437500
1.353000000
1.361625000
1.370562500
1.380125000
1.389500000
1.399250000
1.409187500
1.417500000
1.428750000	
1.439687500	
1.449625000
1.457312500
1.466125000
1.475062500
1.484125000
1.493250000
1.502375000
1.511625000
1.520937500
1.530250000
1.539562500
1.549000000
1.558562500
1.568437500
1.578750000	
1.731875000	
1.738687500
1.746062500
1.754187500
1.762062500
1.769937500
1.777812500
1.785687500
1.793625000
1.801687500
1.809875000
1.818187500
1.826687500
1.835250000
1.844125000
1.853312500
1.862937500
1.873000000
1.883437500
1.894000000
1.904687500
1.915875000
1.926750000
1.935937500	
1.946875000	
1.958437500	
