0.335375000	
0.342937500	
0.351687500	
0.360812500	
0.370000000	
0.379187500	
0.388125000	
0.396937500	
0.405812500	
0.414562500	
0.423312500	
0.432062500	
0.440937500	
0.449687500	
0.458687500	
0.467625000	
0.476437500	
0.485312500	
0.494375000	
0.503312500	
0.512375000	
0.521562500	
0.531062500	
0.540562500	
0.550375000	
0.560312500	
0.570750000	
0.582500000	
0.784062500	
0.791312500	
0.798937500	
0.806750000	
0.814000000	
0.821500000	
0.828750000	
0.835937500	
0.842875000	
0.849875000	
0.856812500	
0.863562500	
0.870375000	
0.877187500	
0.884062500	
0.890875000	
0.897687500	
0.904562500	
0.911562500	
0.918625000	
0.925687500	
0.932812500	
0.939937500	
0.947250000	
0.954500000	
0.961687500	
0.969062500	
0.976500000	
0.983812500	
0.991187500	
0.998812500	
1.006187500	
1.013687500	
1.021187500	
1.028562500	
1.036312500	
1.044000000	
1.051812500	
1.059875000	
1.068125000	
1.076812500	
1.086312500	
1.150687500	
1.158250000	
1.166625000	
1.175125000	
1.183625000	
1.192312500	
1.200875000	
1.209437500	
1.218312500	
1.227437500	
1.360812500	
1.369000000	
1.380312500	
1.390437500	
1.401625000	
1.413937500	
1.424875000	
1.436500000	
1.447562500	
1.458312500	
1.468812500	
1.479125000	
1.490000000	
1.501187500	
1.956687500	
1.965437500	
1.974062500	
1.982750000	
1.991000000	
1.999375000	
2.007562500	
2.015750000	
2.023750000	
2.031750000	
2.040062500	
2.048125000	
2.056187500	
2.065125000	
2.204437500	
2.212125000	
2.220125000	
2.228625000	
2.237312500	
2.245937500	
2.254875000	
2.263625000	
2.272625000	
2.281625000	
2.290937500	
2.300250000	
2.309562500	
2.319125000	
2.329437500	
2.450500000	
2.458125000	
2.467062500	
2.475312500	
2.483750000	
2.492375000	
2.500750000	
2.509562500	
2.518062500	
2.526687500	
2.535125000	
2.543562500	
2.552062500	
2.560312500	
2.569000000	
2.577500000	
2.939875000	
2.949625000	
2.959687500	
2.969375000	
2.979375000	
2.989562500	
3.000000000	
3.009750000	
3.020125000	
3.031125000	
3.045062500	
3.181187500	
3.189187500	
3.197312500	
3.205687500	
3.214000000	
3.222437500	
3.230937500	
3.239312500	
3.248062500	
3.257562500	
3.459187500	
3.467562500	
3.476937500	
3.486500000	
3.496562500	
3.506750000	
3.517812500	
3.529437500	
3.540562500	
