0.179750000
0.250250000
0.257250000
0.265375000
0.272687500
0.280500000
0.288375000
0.296062500
0.304062500
0.311937500
0.320000000
0.327937500
0.335937500
0.344000000
0.352187500
0.360312500
0.368437500
0.376687500
0.384875000
0.393125000
0.401500000
0.410125000
0.419125000
0.573375000
0.581000000
0.589937500
0.599062500
0.608500000
0.618937500
0.756437500
0.762437500
0.769375000
0.776000000
0.782625000
0.789125000
0.795500000
0.801937500
0.808375000
0.814937500
0.821187500
0.827437500
0.833812500
0.839250000
0.961750000
0.969562500
0.977750000
0.986000000
0.994125000
1.002062500
1.010250000
1.018250000
1.026687500
1.035562500
1.044437500
1.052875000
1.061000000
1.069437500
1.077937500
1.086500000
1.095000000
1.103500000
1.112000000
1.120437500
1.128875000
1.137500000
1.146000000
1.154562500
1.163125000
1.171625000
1.180250000
1.188875000
1.197562500
1.206125000
1.214937500
1.223875000
1.233000000
1.242125000
1.251562500
1.261812500
1.414437500
1.422750000
1.431812500
1.440812500
1.449875000
1.459250000
1.468625000
1.478000000
1.487500000
1.496937500
1.506312500
1.515687500
1.524937500
1.534437500
1.543937500
1.553500000
1.563062500
1.572812500
1.582500000
1.592312500
1.602000000
1.611562500
1.621062500
1.630687500
1.640375000
1.650375000
1.660500000
1.670687500
1.680875000
1.690812500
1.700500000
1.709937500
1.719437500
1.729062500
1.738750000
1.748437500
1.758812500
1.768937500
1.778875000
1.788937500
1.798937500
1.809375000
1.819812500
1.827562500
1.838562500
