0.219875000
0.336187500
0.343125000
0.352062500
0.361062500
0.370312500
0.379562500
0.388750000
0.397937500
0.407437500
0.416312500
0.424000000
0.433312500
0.440625000
0.451437500
0.516937500
0.524687500
0.533000000
0.541375000
0.549875000
0.558187500
0.566437500
0.574625000
0.582625000
0.590625000
0.598437500
0.606187500
0.613812500
0.621375000
0.628875000
0.636250000
0.643687500
0.650937500
0.658187500
0.665375000
0.672625000
0.679875000
0.687250000
0.694437500
0.702000000
0.708312500
0.716562500
0.722437500
0.730062500
0.736437500
0.745250000
0.750875000
0.758937500
0.765250000
0.773437500
0.780812500
0.788437500
0.796125000
0.804000000
0.812062500
0.820187500
0.828500000
0.837187500
0.845937500
0.854750000
0.863750000
0.872625000
0.881812500
0.891062500
0.900375000
0.909187500
0.917937500
0.926500000
0.935125000
0.943625000
0.952250000
0.960687500
0.969312500
0.977812500
0.986312500
0.994937500
1.003437500
1.012000000
1.020625000
1.029187500
1.037812500
1.046500000
1.055187500
1.063937500
1.072875000
1.081750000
1.091000000
1.100187500
1.109625000
1.119312500
1.129125000
1.139187500
1.149375000
1.159750000
1.170062500
1.180687500
1.191437500
1.201687500
1.212250000
1.222312500
1.232812500
1.242937500
1.253000000
1.263375000
1.273937500
1.285312500
1.433937500
1.485812500
1.494875000
1.504625000
1.514875000
1.668000000
1.681000000
1.687312500
1.696375000
1.705312500
1.714375000
1.723500000
1.732687500
1.741812500
1.751062500
1.760312500
1.769562500
1.778812500
1.788250000
1.797812500
1.807625000
1.817750000
1.827187500
1.836062500
1.844625000
1.853125000
1.861750000
1.870500000
1.879312500
1.888312500
1.897562500
1.907125000
1.916750000
1.927062500
1.989625000
1.998437500
2.007500000
2.016500000
2.025562500
2.034812500
2.044312500
2.053687500
2.063187500
2.072812500
2.082562500
2.092437500
2.102187500
2.111937500
2.121625000
2.131312500
2.141062500
2.150875000
2.161187500
2.171250000
2.181500000
2.191562500
2.202750000
2.245062500
2.253812500
2.263187500
2.273312500
2.283250000
2.293562500
2.304062500
2.314250000
2.324625000
2.335125000
2.345812500
2.356687500
2.368000000
2.379750000
2.391625000
2.402500000
2.413625000
2.424437500
2.435062500
2.444437500
2.464937500
