0.296812500
0.304250000
0.311812500
0.319312500
0.326875000
0.334562500
0.342375000
0.350062500
0.357812500
0.365687500
0.373687500
0.381625000
0.389812500
0.398062500
0.406500000
0.415625000
0.425062500
0.434937500
0.444312500
0.453187500
0.462000000
0.470687500
0.479625000
0.488562500
0.497625000
0.506812500
0.515937500
0.524812500
0.533687500
0.542375000
0.551125000
0.559875000
0.568562500
0.577187500
0.585875000
0.594750000
0.603625000
0.612750000
0.622375000
0.788250000
0.796687500
0.805312500
0.813812500
0.822125000
0.829812500
0.837375000
0.845062500
0.852687500
0.860437500
0.868125000
0.876125000
0.996250000
1.003125000
1.009937500
1.016750000
1.023750000
1.030625000
1.037812500
1.045125000
1.052500000
1.060000000
1.067625000
1.075437500
1.083312500
1.091750000
1.223437500
1.230812500
1.238812500
1.246750000
1.255000000
1.263875000
1.273125000
1.281937500
1.291062500
1.321250000
1.329125000
1.337750000
1.346437500
1.355437500
1.364562500
1.373937500
1.383312500
1.392937500
1.402687500
1.412375000
1.421937500
1.431187500
1.440000000
1.448812500
1.457625000
1.466312500
1.475187500
1.484250000
1.493437500
1.502812500
1.512250000
1.521750000
1.531437500
1.541062500
1.550812500
1.560937500
1.571062500
1.581062500
1.591375000
1.602000000
1.612937500
1.624562500
1.632687500
1.652500000
1.663562500
