0.264062500
0.270562500
0.278000000
0.284937500
0.292125000
0.299250000
0.306250000
0.313250000
0.320187500
0.327062500
0.333937500
0.340687500
0.347437500
0.354187500
0.360937500
0.367687500
0.374437500
0.381250000
0.388062500
0.394937500
0.401937500
0.409062500
0.416250000
0.423625000
0.431125000
0.438812500
0.446500000
0.454250000
0.462000000
0.469812500
0.477687500
0.485812500
0.494500000
0.502687500
0.512125000
0.518875000
0.527875000
0.535062500	
0.545562500
0.555125000
0.563250000
0.571812500
0.580562500
0.589312500
0.598437500
0.607875000
0.618500000
0.801312500
0.809187500
0.816937500
0.824687500
0.832437500
0.840125000
0.847812500
0.855562500
0.863250000
0.870875000
0.878562500
0.886125000
0.893687500
0.901250000
0.908812500
0.916437500
0.924000000
0.931625000
0.939250000
0.946937500
0.954562500
0.962250000
0.969875000
0.977500000
0.985125000
0.992687500
1.000250000
1.007812500
1.015375000
1.022937500
1.030500000
1.038062500
1.045625000
1.053312500
1.061000000
1.067875000
1.075687500
1.081625000
1.089687500
1.095375000
1.113500000
1.178750000
1.185687500
1.193500000
1.201875000
1.210250000
1.219437500
1.229187500
1.239812500
1.249687500
1.260625000
1.353250000
1.360187500
1.369312500
1.378625000
1.388125000
1.397875000
1.408187500
1.418937500
1.428687500
1.439437500
1.492312500
1.500000000
1.509125000
1.518000000
1.527000000
1.535937500
1.544750000
1.553625000
1.562437500
1.571125000
1.579812500
1.588500000
1.597187500
1.606062500
1.752625000
1.762375000
1.771000000
1.782625000
1.791750000
1.801812500
1.813062500
1.824812500
1.836062500
1.993750000
2.002812500
2.013187500
2.022375000
2.033062500
2.042312500
2.053000000
2.062625000
2.072812500
2.083375000
2.095187500
2.159375000
2.167750000
2.177812500
2.188062500
2.197750000
2.207312500
2.217062500
2.227687500
2.353437500
2.361062500
2.371000000
2.380312500
2.390937500
2.399812500
2.410437500
2.420312500
2.430437500
2.440687500
2.450812500
2.460687500
2.470625000
2.480500000
2.491062500
2.501312500
2.511875000
2.523062500
2.533562500
2.544687500
2.556187500
2.565562500
2.576375000
2.587125000
2.598000000
