0.322250000
0.328437500
0.335437500
0.342375000
0.349312500
0.356375000
0.363250000
0.370250000
0.377062500
0.384062500
0.390812500
0.397625000
0.404562500
0.411250000
0.418125000
0.424750000
0.431437500
0.438125000
0.444687500
0.451312500
0.457937500
0.464750000
0.471625000
0.478625000
0.485937500
0.493250000
0.500812500
0.508437500
0.516250000
0.524062500
0.532187500
0.540187500
0.548250000
0.556375000
0.564437500
0.572750000
0.581000000
0.589125000
0.597500000
0.605875000
0.614125000
0.622625000
0.631125000
0.639625000
0.648187500
0.656812500
0.665500000
0.674312500
0.683375000
0.692312500
0.701562500
0.710937500
0.720375000
0.730000000
0.739187500
0.748562500
0.758125000
0.767250000
0.776812500
0.786062500
0.795312500
0.804187500
0.813187500
0.821687500
0.830375000
0.839062500
0.847812500
0.856500000
0.865312500
0.874000000
0.882500000
0.891250000
0.899937500
0.908375000
0.917312500
0.926000000
0.934625000
0.943500000
0.952312500
0.961125000
0.969875000
0.978750000
0.988125000
0.997625000
1.006437500
1.016062500
1.023187500
1.033750000
1.041562500
1.051937500
1.061500000
1.071375000
1.081125000
1.091375000
1.101250000
1.111250000
1.121625000
1.132125000
1.288687500
1.297000000
1.305875000
1.314250000
1.322687500
1.331312500
1.339562500
1.347875000
1.356125000
1.364375000
1.372750000
1.381312500
1.390187500
1.515375000
1.522937500
1.531750000
1.540437500
1.550125000
1.559812500
1.676125000
1.686437500
1.696875000
1.706687500
1.718000000
1.726062500
1.735062500
2.248812500
2.256062500
2.265875000
2.275250000
2.284687500
2.294125000
2.303875000
2.313437500
2.323187500
2.332687500
2.341812500
2.350875000
2.360312500
2.370000000
2.379500000
2.389875000
2.482250000
2.490500000
2.499312500
2.508187500
2.517250000
2.526250000
2.535312500
2.544437500
2.553437500
2.562375000
2.571500000
2.581250000
2.710937500
2.719437500
2.728500000
2.737500000
2.746750000
2.755937500
2.765437500
2.774750000
2.783687500
2.793312500
2.801937500
2.810000000
2.818937500
2.826500000
2.835750000
2.844187500
2.852687500
2.860937500
2.869500000
2.878000000
2.886562500
2.896250000
2.905062500
2.914625000
2.924187500
2.933687500
2.943312500
2.952687500
2.962187500
2.971687500
2.981187500
2.990750000
3.000375000
3.010125000
3.020250000
3.030937500
3.041250000
3.051312500
3.061312500
3.071312500
3.081437500
3.091312500
3.100500000
3.109437500
3.118250000
3.127062500
3.135812500
3.144625000
3.153437500
3.162312500
3.171375000
3.180937500
3.190625000
3.201125000
3.251437500
3.259625000
3.269437500
3.278125000
3.287812500
3.297875000
3.307625000
3.317687500
3.327687500
3.338250000
3.348375000
3.359312500
3.370125000
3.382000000
3.394375000
3.404250000
3.414187500
3.424562500
3.436500000
3.447250000
3.458062500
3.469625000
3.498000000
3.526375000
3.534312500
3.543187500
