0.310000000
0.317187500
0.326125000
0.334500000
0.343125000
0.351625000
0.360250000
0.368875000
0.377687500
0.386562500
0.395437500
0.404437500
0.413500000
0.422500000
0.431437500
0.440437500
0.449500000
0.458687500
0.468125000
0.477812500
0.488062500
0.613437500
0.620625000
0.628562500
0.636500000
0.644437500
0.652312500
0.660187500
0.668000000
0.675750000
0.683437500
0.691062500
0.698625000
0.706125000
0.713625000
0.721250000
0.728875000
0.736375000
0.743812500
0.751250000
0.758562500
0.766000000
0.773437500
0.780875000
0.788312500
0.795812500
0.803312500
0.810875000
0.818437500
0.826000000
0.833562500
0.841187500
0.848750000
0.856312500
0.864000000
0.871750000
0.879562500
0.887375000
0.895187500
0.903187500
0.911187500
0.919375000
0.927687500
0.936125000
0.944687500
0.953437500
0.962437500
0.971562500
0.980812500
0.989687500
0.998625000
1.007750000
1.017062500
1.026625000
1.036750000
1.200312500
1.207812500
1.216062500
1.224312500
1.232687500
1.241125000
1.249812500
1.258562500
1.267500000
1.276500000
1.285437500
1.294562500
1.303750000
1.313187500
1.322812500
1.332625000
1.342812500
1.353250000
1.363625000
1.374562500
1.384562500
1.395500000
1.406312500
1.416687500
1.426812500
1.436687500
1.446687500
1.456875000
1.467375000
1.476187500
1.486437500
1.495125000
1.504312500
1.513125000
1.522062500
1.531125000
1.540125000
1.549750000
1.559437500
1.570187500
1.579062500	
1.590000000	
1.601250000	
1.610937500	
1.621187500
1.629937500
1.639687500
1.649125000
1.658687500
1.668312500
1.678062500
1.688250000
1.698437500
1.708562500
1.718812500
1.729000000
1.738875000
1.748687500
1.758187500
1.767812500
1.777625000
1.787562500
1.797312500
1.807312500
1.817250000
1.827125000
1.837187500
1.847375000
1.857500000
1.867562500
1.878000000
1.888312500
1.899187500
