0.115312500
0.249437500
0.256312500
0.264250000
0.272250000
0.280250000
0.288625000
0.385875000
0.393687500
0.401375000
0.409312500
0.417250000
0.425187500
0.433312500
0.441875000
0.450125000
0.459062500
0.468562500
0.578250000
0.586812500
0.595250000
0.603687500
0.612000000
0.620375000
0.628625000
0.636937500
0.645000000
0.652875000
0.660812500
0.668500000
0.676312500
0.684562500
0.818187500
0.825937500
0.835375000
0.845125000
0.855125000
0.865250000
0.876187500
0.972812500
0.980250000
0.988437500
0.996250000
1.003937500
1.011625000
1.019250000
1.026687500
1.033875000
1.041187500
1.048187500
1.054875000
1.061812500
1.068625000
1.075875000
1.083875000
1.090750000
1.143937500
1.150812500
1.158062500
1.165250000
1.172625000
1.180000000
1.187250000
1.194812500
1.202187500
1.209750000
1.217187500
1.224750000
1.232437500
1.240125000
1.247812500
1.255625000
1.263750000
1.271750000
1.279937500
1.288125000
1.296750000
1.305625000
1.314875000
1.324437500
1.334250000
1.345125000
1.508750000
1.515812500
1.524125000
1.532625000
1.541125000
1.550125000
1.559375000
1.569125000
1.579500000
1.590250000
1.601500000
1.613375000
1.626750000
