0.261437500
0.333187500
0.341437500
0.350437500
0.359625000
0.368625000
0.378312500
0.388312500
0.398750000
0.504187500
0.511312500
0.518812500
0.526187500
0.533437500
0.540687500
0.547750000
0.554937500
0.562062500
0.569062500
0.576062500
0.583000000
0.590062500
0.597000000
0.604000000
0.611062500
0.618187500
0.625125000
0.632062500
0.639062500
0.646000000
0.652875000
0.660062500
0.667000000
0.674125000
0.681437500
0.688750000
0.696312500
0.703937500
0.711625000
0.719187500
0.726437500
0.733687500
0.740875000
0.748125000
0.755625000
0.763125000
0.770562500
0.778375000
0.786187500
0.794250000
0.802812500
0.951375000
0.957937500
0.966250000
0.974750000
0.983562500
0.992625000
1.002187500
1.012500000
1.146750000
1.154312500
1.162187500
1.169937500
1.178062500
1.186062500
1.194062500
1.202187500
1.210500000
1.218937500
1.227562500
1.236375000
1.245500000
1.254625000
1.264187500
1.274187500
1.284500000
1.295187500
1.305562500
1.316000000
1.326500000
1.337125000
1.348062500
1.358812500
1.369875000
1.381250000
1.392125000
1.403375000
1.594312500
1.603250000
1.612125000
1.621437500
1.631000000
1.640625000
1.650750000
1.662187500
1.783312500
1.791937500
1.801562500
1.811062500
1.820687500
1.830437500
1.840187500
1.850000000
1.859875000
1.869812500
1.879812500
1.890062500
1.900750000
1.910937500
1.920937500
1.931812500
1.943187500
1.954875000
1.964562500
1.986937500
1.994750000
2.025062500
2.034437500
