0.139125000
0.271437500
0.278937500
0.287312500
0.297375000
0.337937500
0.345875000
0.354250000
0.362562500
0.370687500
0.378750000
0.386750000
0.394750000
0.402750000
0.410750000
0.418687500
0.426687500
0.434937500
0.443062500
0.451625000
0.460625000
0.469750000
0.479000000
0.488062500
0.496750000
0.505312500
0.513687500
0.522062500
0.530437500
0.538937500
0.547500000
0.556000000
0.564437500
0.572812500
0.581312500
0.589562500
0.597937500
0.606187500
0.614437500
0.622562500
0.630687500
0.638375000
0.645812500
0.653187500
0.660562500
0.667750000
0.674937500
0.682062500
0.689062500
0.696062500
0.703125000
0.710125000
0.717187500
0.724437500
0.731625000
0.738875000
0.746187500
0.753625000
0.761000000
0.768437500
0.775875000
0.783375000
0.791000000
0.798750000
0.806812500
0.815375000
0.929687500
0.937687500
0.947625000
0.958375000
0.968687500
0.979125000
0.989875000
1.000562500
1.011125000
1.021937500
1.032000000
1.042250000
1.052687500
1.063187500
1.369125000
1.482187500
1.490875000
1.500562500
1.510125000
1.519687500
1.529437500
1.539250000
1.549187500
1.559187500
1.569187500
1.579250000
1.589375000
1.600125000
1.610187500
1.619062500
1.628562500
1.636375000
1.653437500
1.672312500
1.703187500
1.710562500
1.718500000
1.727000000
1.735062500
1.743625000
1.752125000
1.760687500
1.769187500
1.777562500
1.785937500
1.794187500
1.802375000
1.810562500
1.818687500
1.826875000
1.835187500
1.843375000
1.851687500
1.860125000
1.868625000
1.877187500
1.885750000
1.894125000
1.902375000
1.910687500
1.918937500
1.927250000
1.935687500
1.944187500
1.952625000
1.961125000
1.969750000
1.978250000
1.986750000
1.995375000
2.004062500
2.012875000
2.021562500
2.030437500
2.039375000
2.048437500
2.057375000
2.066437500
2.075375000
2.084562500
2.093687500
2.102937500
2.112000000
2.121000000
2.130187500
2.139625000
2.149125000
2.158562500
2.168187500
2.177562500
2.187062500
2.196562500
2.206000000
2.215500000
2.225000000
2.234500000
2.244062500
2.253625000
2.263500000
2.273875000
2.284125000
2.294187500
2.304812500
2.315375000
2.326500000
2.338062500
2.349000000
2.360187500
