0.292125000
0.299500000
0.307375000
0.315125000
0.322875000
0.330687500
0.338500000
0.346250000
0.354000000
0.361625000
0.369187500
0.376562500
0.383875000
0.391125000
0.398312500
0.406062500
0.413562500
0.421000000
0.428437500
0.435812500
0.443187500
0.450687500
0.458250000
0.466000000
0.473875000
0.482000000
0.611625000
0.619375000
0.627750000
0.636312500
0.645062500
0.654062500
0.663000000
0.672000000
0.681062500
0.690250000
0.699312500
0.708437500
0.717625000
0.726812500
0.736187500
0.745750000
0.755750000
0.766312500
0.807250000
0.814812500
0.824000000
0.833250000
0.842562500
0.851937500
0.861312500
0.870625000
0.879937500
0.889187500
0.898437500
0.907562500
0.916625000
0.925625000
0.934500000
0.943500000
0.952437500
0.961312500
0.970187500
0.979062500
0.987875000
0.996687500
1.005562500
1.014375000
1.023250000
1.032187500
1.041187500
1.050250000
1.059625000
1.069375000
1.079250000
1.180375000
1.189187500
1.199000000
1.208687500
1.218437500
1.228437500
1.238812500
1.250312500
1.380625000
1.388000000
1.396312500
1.404625000
1.413062500
1.421625000
1.430625000
1.440687500
1.451062500
1.461000000
1.470312500
1.479375000
1.488562500
1.497875000
1.507500000
1.517375000
1.527437500
1.538062500
1.548750000
1.559750000
1.570875000
1.582062500
1.593312500
1.603812500
1.615500000
1.625937500
1.637875000
1.648750000
2.037687500
2.045375000
2.054687500
2.063437500
2.072062500
2.080812500
2.089562500
2.098375000
2.107312500
2.116437500
2.125750000
2.136375000
2.215500000
2.224437500
2.234187500
2.245125000
2.307937500
2.316125000
2.325937500
2.335937500
2.345937500
2.356125000
2.366687500
2.376062500
2.385312500
2.394000000
2.403500000
2.412875000
2.422000000
2.431187500
2.440187500
2.449062500
2.458000000
2.467375000
2.476687500
2.485687500
2.494812500
2.504000000
2.513062500
2.521937500
2.530875000
2.539625000
2.548375000
2.557062500
2.565687500
2.574375000
2.583125000
2.591750000
2.600187500
2.608625000
2.616937500
2.625250000
2.633562500
2.641875000
2.650125000
2.658375000
2.666625000
2.675000000
2.683562500
2.692062500
2.700625000
2.709312500
2.717937500
2.726687500
2.735562500
2.744437500
2.753375000
2.762312500
2.771312500
2.780250000
2.789250000
2.798250000
2.807312500
2.816250000
2.825312500
2.834500000
2.843812500
2.853062500
2.862312500
2.871625000
2.881125000
2.890687500
2.900375000
2.910312500
2.920437500
2.930875000
2.941375000
2.952000000
2.963000000
2.974125000
2.985437500
2.996625000
3.008500000
3.019500000
3.032062500
3.043750000
3.055250000
3.066625000
3.078125000
