0.242687500
0.308187500
0.316687500
0.325187500
0.333875000
0.342750000
0.351812500
0.361125000
0.370625000
0.380250000
0.391375000
0.461687500
0.468750000
0.477000000
0.485125000
0.493187500
0.501000000
0.508687500
0.516375000
0.523937500
0.531312500
0.538687500
0.546062500
0.553187500
0.560500000
0.635812500
0.643000000
0.650937500
0.659125000
0.784687500
0.792062500
0.799562500
0.807062500
0.814687500
0.822562500
0.830562500
0.838812500
0.847375000
0.856375000
0.865500000
0.875187500
0.938812500
0.946625000
0.955062500
0.963437500
0.971875000
0.980250000
0.988812500
0.997187500
1.005562500
1.014250000
1.023687500
1.178062500
1.187250000
1.196625000
1.207000000
1.218062500
1.256250000
1.264500000
1.273437500
1.282562500
1.291937500
1.301312500
1.310875000
1.320500000
1.330312500
1.340250000
1.350125000
1.360187500
1.370562500
1.381312500
1.481875000
1.491250000
1.501187500
1.511250000
1.521375000
1.531437500
1.541750000
1.552187500
1.563562500
1.713000000
1.719750000
1.727875000
1.735875000
1.744500000
1.753062500
1.761875000
1.770937500
1.780500000
1.790250000
1.800437500
1.812125000
1.824125000
1.831625000
2.401687500
2.534750000
2.542437500
2.551875000
2.561187500
2.570875000
2.580812500
2.591437500
2.601875000
2.612687500
2.624625000
2.685437500
2.694125000
2.703625000
2.713500000
2.841062500
2.848750000
2.857000000
2.865312500
2.873812500
2.882250000
2.890875000
2.899500000
2.908187500
2.916625000
2.925500000
2.934687500
2.943687500
2.952875000
2.962125000
2.971750000
3.126312500
3.134000000
3.142000000
3.150062500
3.158250000
3.166562500
3.174937500
3.183750000
3.289187500
3.321000000
3.435375000
3.444562500
3.454250000
3.464687500
3.476937500
3.485750000
3.496750000
3.510000000
3.519875000
3.530562500
3.541437500
3.553625000
3.565875000
3.575875000
