0.265500
0.273375
0.282187
0.290312
0.298687
0.307063
0.315563
0.324062
0.332625
0.341000
0.349313
0.357375
0.365375
0.373188
0.380875
0.388375
0.395750
0.403187
0.410625
0.418125
0.425750
0.433750
0.442188
0.450937
0.460125
0.468438
0.477750
0.487125
0.569562
0.576812
0.585625
0.594500
0.603500
0.612625
0.621625
0.630625
0.639687
0.648813
0.657937
0.667125
0.676375
0.685937
0.696000
0.750125
0.756750
0.764875
0.772687
0.780500
0.788250
0.795937
0.803562
0.811125
0.819000
0.826937
0.835000
0.843063
0.851000
0.859062
0.867437
0.874188
0.882250
0.907438
0.913875
0.921375
0.928937
0.936625
0.944375
0.952187
0.960063
0.967812
0.975750
0.983688
0.991688
0.999812
1.008000
1.016375
1.025688
1.035125
1.043625
1.109938
1.117312
1.125875
1.134438
1.142937
1.151500
1.160125
1.168688
1.177062
1.185500
1.193875
1.202312
1.211500
1.398438
1.407125
1.416813
1.426875
1.436750
1.447062
1.457313
1.467937
1.478813
1.489688
1.500688
1.511813
1.522938
1.534188
1.545688
1.556750
