0.301437500
0.310437500
0.318125000
0.327062500
0.335937500
0.345125000
0.354812500
0.364812500
0.375125000
0.386000000
0.397500000	
0.406875000
0.417187500
0.427125000
0.437187500
0.447250000
0.457000000
0.466312500
0.475312500
0.483812500
0.492187500
0.500312500
0.508312500
0.516250000
0.524000000
0.531687500
0.539375000
0.546875000
0.554312500
0.561625000
0.568875000
0.576062500
0.583250000
0.590375000
0.597500000
0.604750000
0.611937500
0.619250000
0.626687500
0.634187500
0.641750000
0.649437500
0.657312500
0.807125000
0.816687500
0.824812500
0.835000000
0.846687500
1.033000000
1.041500000
1.049937500
1.058250000
1.066750000
1.075125000
1.083625000
1.092000000
1.100437500
1.109000000
1.117750000
1.126875000
1.255875000
1.262875000
1.271875000
1.280875000
1.289625000
1.299062500
1.307875000
1.315562500
1.324000000
1.332562500
1.342375000
1.352000000
1.359187500
1.376187500
1.385562500
1.393875000
1.402187500
1.464562500
1.473125000
1.482062500
1.491125000
1.500250000
1.509500000
1.518812500
1.528187500
1.537687500
1.547250000
1.557000000
1.566937500
1.577062500
1.587375000
1.597625000
1.607875000
1.618125000
1.628375000
1.638500000
1.648687500
1.659000000
1.669437500
1.680875000
1.692937500
1.755312500
1.764000000
1.773500000
1.783000000
1.792625000
1.802250000
1.811875000
1.822000000
1.831562500
1.840750000
1.850312500
1.859812500
1.869250000
1.878750000
1.888312500
1.897812500
1.907625000
1.917687500
1.927875000
1.937875000
1.948062500
1.958562500
1.969562500
1.980187500
1.991937500
