0.398250000
0.473312500
0.479250000
0.488125000
0.495812500
0.504125000
0.512500000
0.520937500
0.529375000
0.537875000
0.546437500
0.555125000
0.564250000
0.573125000
0.582125000
0.591187500
0.600125000
0.608937500
0.617500000
0.626000000
0.634500000
0.643000000
0.651687500
0.660625000
0.669750000
0.679000000
0.688187500
0.697250000
0.706125000
0.714937500
0.723625000
0.732562500
0.742125000
0.751625000
0.761500000
0.771437500
0.781312500
0.821437500
0.828562500
0.836062500
0.843375000
0.850625000
0.857750000
0.864750000
0.871687500
0.878500000
0.885250000
0.891875000
0.898437500
0.905000000
0.911687500
0.918812500
1.031937500
1.038250000
1.045562500
1.053187500
1.060937500
1.069062500
1.077312500
1.085812500
1.094437500
1.103187500
1.112062500
1.121500000
1.154187500
1.160875000
1.168125000
1.175312500
1.182500000
1.189687500
1.196875000
1.204187500
1.211437500
1.218812500
1.226250000
1.233687500
1.241187500
1.248750000
1.256437500
1.264375000
1.273000000
1.281687500
1.292250000
1.302187500
1.311250000
1.320625000
1.330250000
1.340437500
1.350500000
1.361125000
1.371562500
1.381875000
1.392187500
1.403187500
1.414750000
1.633500000
1.640500000
1.649812500
1.659187500
1.668437500
1.678125000
1.688062500
1.698187500
1.708437500
1.718875000
1.730187500
1.895187500
1.902875000
1.910500000
1.918250000
1.926062500
1.933875000
1.941812500
1.949750000
1.957750000
1.965750000
1.973750000
1.981875000
1.990000000
1.998250000
2.006562500
2.014812500
2.023062500
2.031437500
2.039937500
2.048562500
2.057250000
2.066250000
2.075312500
2.084625000
2.094312500
2.104437500
2.115375000
2.176312500
2.193312500
2.201812500
2.210687500
2.219562500
2.228625000
2.237625000
2.246562500
2.255375000
2.264250000
2.273000000
2.281750000
2.290812500
2.300250000
2.309625000
2.319437500
2.329437500
2.339437500
2.349937500
2.359687500
2.369125000
2.378125000
2.387187500
2.396312500
2.405625000
2.414937500
2.424312500
2.434125000
2.443875000
2.452812500
2.462875000
2.470187500
2.587812500
2.595500000
2.604562500
2.614125000
2.624000000
2.634437500
2.644937500
2.655687500
2.722750000
2.732437500
2.742125000
2.751687500
2.761437500
2.771187500
2.780937500
2.791750000
2.800750000
2.810812500
2.821437500
2.831625000
2.842000000
2.852250000
2.862562500
2.873375000
2.884375000
2.895750000
2.907125000
2.918000000
2.929000000
2.940500000
2.951687500
2.963000000
