0.338062500
0.346500000
0.355312500
0.363812500
0.372375000
0.381000000
0.389625000
0.398312500
0.406937500
0.415625000
0.424312500
0.432937500
0.441687500
0.450500000
0.459500000
0.468625000
0.478000000
0.487312500
0.497062500
0.506500000
0.656562500
0.663750000
0.671000000
0.678250000
0.685562500
0.692812500
0.700000000
0.707187500
0.714312500
0.721437500
0.728625000
0.735750000
0.742937500
0.750125000
0.757312500
0.764500000
0.771625000
0.778875000
0.786125000
0.793375000
0.800625000
0.807937500
0.815312500
0.822687500
0.830125000
0.837625000
0.845125000
0.852625000
0.860250000
0.868000000
0.875875000
0.884062500
0.892687500
1.047500000
1.054062500
1.062000000
1.069937500
1.077937500
1.086000000
1.094062500
1.102312500
1.110562500
1.119000000
1.127562500
1.136187500
1.144875000
1.153625000
1.162625000
1.171937500
1.181687500
1.191875000
1.202437500
1.213250000
1.224375000
1.235562500
1.246750000
1.258125000
1.269187500
1.279937500
1.609375000
1.616937500
1.626125000
1.634937500
1.643625000
1.652250000
1.660875000
1.669500000
1.678187500
1.687000000
1.695812500
1.704625000
1.713500000
1.722437500
1.731875000
1.742125000
1.750125000
1.759500000
1.768812500
1.772125000
1.780937500
1.789812500
1.798687500
1.807562500
1.816625000
1.825875000
1.835312500
1.844812500
1.854437500
1.864312500
1.874187500
1.884125000
1.894062500
1.905187500
1.970000000
1.978812500
1.989312500
1.999437500
2.009687500
2.020125000
2.030687500
2.041312500
2.052000000
2.062812500
2.073562500
2.084125000
2.094625000
2.105125000
2.115625000
2.126250000
2.136875000
2.147625000
2.158562500
2.169500000
2.180125000
2.190812500
2.201187500
2.212187500
2.221937500
2.233437500
2.241687500
2.253187500
2.261562500
2.272125000
