0.350500000
0.358187500
0.367750000
0.375000000
0.384125000
0.392625000
0.401125000
0.409687500
0.418187500
0.426687500
0.435125000
0.443687500
0.452250000
0.460812500
0.469500000
0.478312500
0.487187500
0.496250000
0.505375000
0.514562500
0.523937500
0.533500000
0.543187500
0.553062500
0.563187500
0.573500000
0.583937500
0.594687500
0.605625000
0.616625000
0.627375000
0.638312500
0.648437500
0.659125000
1.298625000
1.307312500
1.316000000
1.324375000
1.332750000
1.341125000
1.349562500
1.358000000
1.366437500
1.374875000
1.383375000
1.391687500
1.399937500
1.407937500
1.415750000
1.423375000
1.430875000
1.438125000
1.445375000
1.452625000
1.459687500
1.466750000
1.473812500
1.480812500
1.487937500
1.495187500
1.502500000
1.510250000
1.518312500
1.526500000
1.534312500
1.542000000
1.549437500
1.556875000
1.564437500
1.572000000
1.579750000
1.587562500
1.595500000
1.603437500
1.611562500
1.619750000
1.628187500
1.636687500
1.645312500
1.653875000
1.661812500
1.668750000
1.677937500
1.684687500
1.854500000
1.861812500
1.870062500
1.878375000
1.886875000
1.895875000
2.048000000
2.056000000
2.066500000
2.076000000
2.087187500
2.219250000
2.225687500
2.233812500
2.241812500
2.249750000
2.257750000
2.265875000
2.274000000
2.282375000
2.290812500
2.299375000
2.308250000
2.317312500
2.327062500
2.498250000
2.508187500
2.519750000
2.526125000
2.546187500
2.558062500
2.568062500
2.578625000
2.589375000
2.600062500
2.610687500
2.622062500
2.631187500
2.651687500
2.660500000
2.669437500
2.679687500
2.689625000
2.699562500
2.709687500
2.719937500
2.730250000
2.741062500
2.752187500
