0.474562500
0.536125000
0.542562500
0.551875000
0.560062500
0.568625000
0.577187500
0.585875000
0.594500000
0.603125000
0.611625000
0.620187500
0.628812500
0.637625000
0.646437500
0.655250000
0.663937500
0.672437500
0.680812500
0.689187500
0.697562500
0.706000000
0.714500000
0.723250000
0.732375000
0.742187500
0.848875000
0.857062500
0.865875000
0.874750000
0.883812500
0.892812500
0.901625000
0.910687500
0.919187500
0.926687500
0.936000000
0.943062500
0.953187500
0.963625000
0.972687500
0.980250000
0.988687500
0.996500000
1.004375000
1.012125000
1.019687500
1.027375000
1.035062500
1.042562500
1.050062500
1.057500000
1.064937500
1.072312500
1.079687500
1.086875000
1.094062500
1.101312500
1.108500000
1.115875000
1.123125000
1.130375000
1.137437500
1.144562500
1.151687500
1.158875000
1.166062500
1.173375000
1.180750000
1.188250000
1.195937500
1.203687500
1.211625000
1.219625000
1.227750000
1.236000000
1.244312500
1.252687500
1.261062500
1.269437500
1.277562500
1.285687500
1.293750000
1.301687500
1.309625000
1.317562500
1.325437500
1.333375000
1.341312500
1.349375000
1.357500000
1.365875000
1.374437500
1.383375000
1.392687500
1.402375000
1.412562500
1.422875000
1.433500000
1.444500000
1.455687500
1.467375000
1.546687500
1.555937500
1.564937500
1.573875000
1.582937500
1.592125000
1.601562500
1.611375000
1.621375000
1.631187500
1.640937500
1.650750000
1.660437500
1.670187500
1.679812500
1.689437500
1.699000000
1.708687500
1.718250000
1.727750000
1.737125000
1.746625000
1.756000000
1.765562500
1.775125000
1.784562500
1.794000000
1.803437500
1.813000000
1.822437500
1.831937500
1.841187500
1.850375000
1.859562500
1.868812500
1.878062500
1.887375000
1.896750000
1.906312500
1.915937500
1.925812500
1.935937500
1.946312500
2.106000000
2.114062500
2.122437500
2.130937500
2.139562500
2.148750000
2.219312500
2.228000000
2.238437500
2.248937500
2.259375000
2.271562500
2.282125000
2.293375000
2.304250000
2.315437500
2.326375000
2.335437500
