0.252250000
0.261187500
0.270625000
0.279937500
0.289625000
0.299625000
0.310312500
0.368062500
0.375375000
0.383750000
0.392250000
0.400562500
0.408750000
0.417000000
0.425000000
0.433187500
0.441187500
0.449062500
0.456875000
0.464687500
0.472375000
0.480125000
0.487937500
0.495437500
0.503187500
0.510812500
0.518312500
0.525875000
0.533562500
0.541187500
0.548812500
0.556500000
0.564125000
0.571750000
0.579312500
0.586875000
0.594375000
0.601875000
0.609437500
0.617000000
0.624687500
0.632375000
0.641375000
0.737937500
0.743812500
0.751500000
0.759562500
0.767687500
0.776062500
0.784687500
0.793375000
0.802375000
0.811500000
0.820875000
0.830125000
0.839375000
0.848562500
0.857562500
0.866187500
0.874812500
0.883187500
0.891625000
0.900000000
0.908437500
0.916812500
0.925312500
0.933812500
0.942250000
0.950937500
0.959437500
0.968187500
0.977000000
0.986000000
0.995000000
1.004312500
1.013937500
1.023625000
1.033437500
1.043687500
1.054250000
1.064750000
1.075937500
1.086000000
1.096625000
1.107250000
1.117500000
1.128062500
1.138187500
1.148437500
1.159312500
1.170000000
1.180312500
1.191187500
1.201562500
1.211500000
1.221187500
1.230625000
1.240187500
1.249312500
1.259187500
1.267125000
1.293500000
1.301750000
1.311500000
1.321125000
1.329500000
1.339625000
1.348875000
1.358375000
1.368062500
1.377500000
1.386875000
1.395937500
1.405375000
1.414562500
1.423687500
1.432875000
1.442375000
1.626187500
1.635062500
1.644437500
1.654250000
1.664937500
1.835250000
1.843875000
1.852875000
1.862125000
1.871937500
1.881000000
1.890625000
1.900500000
1.910250000
1.920500000
1.931437500
1.941000000
1.952062500
1.961625000
1.971312500
1.982062500
1.993000000
2.003500000
