0.490000000
0.498500000
0.506000000
0.514000000
0.522000000
0.530062500
0.538125000
0.546187500
0.554250000
0.562187500
0.570125000
0.578062500
0.586000000
0.594062500
0.602125000
0.610000000
0.617812500
0.625562500
0.633187500
0.640875000
0.648500000
0.656062500
0.663562500
0.671062500
0.678500000
0.686000000
0.693562500
0.701062500
0.708687500
0.716375000
0.724187500
0.732000000
0.739812500
0.747687500
0.755562500
0.763312500
0.771125000
0.778875000
0.786625000
0.794312500
0.802062500
0.809750000
0.817562500
0.825437500
0.833312500
0.841312500
0.849312500
0.857437500
0.865625000
0.874000000
0.882375000
0.890812500
0.899312500
0.907875000
0.916562500
0.925375000
0.934062500
0.942875000
0.951687500
0.960687500
0.969875000
0.979375000
0.989875000
0.999000000
1.009000000
1.019500000	
1.087125000
1.093812500
1.101625000
1.109500000
1.117375000
1.125312500
1.133375000
1.141437500
1.150062500
1.159125000
1.167500000
1.176000000	
1.186000000	
1.253000000	
1.261000000	
1.269687500	
1.279062500
1.287125000
1.296000000
1.304875000
1.313750000
1.322750000
1.331750000
1.340812500
1.349812500
1.358875000
1.367812500
1.376812500
1.385812500
1.394812500
1.403750000
1.412812500
1.422000000
1.431250000
1.440500000
1.449937500
1.459312500
1.468812500
1.478437500
1.488375000
1.498312500
1.508062500
1.518312500
1.528812500
1.539500000
1.550187500
1.561125000
1.573625000
1.584625000
1.594687500
1.604250000
1.614312500
1.625000000
1.635000000
1.645187500
1.655500000
1.665937500
1.676375000
1.686937500
1.697500000
1.707625000
1.717437500
1.727562500
1.737687500
1.747812500
1.758000000
1.768625000
1.778687500
1.789125000
1.799312500
1.809812500
1.819750000
1.829875000
1.839812500
1.849687500
1.859562500
1.869375000
1.879187500
1.889125000
1.899000000
1.908875000
1.918750000
1.928437500	
1.938750000	
2.048062500
2.055687500
2.065812500
2.075062500
2.084500000
2.094000000
2.104187500
2.113875000
2.124500000
2.134562500
2.145937500
2.155625000
2.166437500
2.177687500
2.188750000
2.199750000
2.208937500	
2.217187500	
2.228875000	
2.237812500	
2.249500000	
2.259125000	
2.269437500	
