0.287187
0.292687
0.301438
0.307750
0.316375
0.323625
0.331313
0.338875
0.346375
0.353875
0.361438
0.368937
0.376500
0.384000
0.391500
0.398875
0.406313
0.413813
0.421500
0.429500
0.437375
0.445437
0.453562
0.461750
0.470125
0.478625
0.487375
0.496375
0.505938
0.514375
0.523312
0.544500
0.551750
0.560187
0.568625
0.577125
0.585875
0.594625
0.603437
0.612437
0.621625
0.631188
0.642125
0.798063
0.804063
0.812000
0.819813
0.827812
0.835938
0.844125
0.852375
0.860688
0.869188
0.877687
0.886312
0.895125
0.904062
0.913312
0.922625
0.932375
0.942250
0.952500
0.962750
0.973125
0.983375
0.993125
1.003688
1.014938
1.213937
1.219937
1.227375
1.234813
1.242250
1.249813
1.257375
1.265063
1.272812
1.280750
1.288688
1.296875
1.305250
1.313687
1.322313
1.330938
1.339687
1.348438
1.357063
1.365438
1.373813
1.382250
1.390688
1.399125
1.407563
1.416000
1.424500
1.433062
1.441625
1.450188
1.458875
1.467563
1.476375
1.485250
1.494375
1.503625
1.512938
1.522563
1.532125
1.541938
1.551688
1.561563
1.571500
1.581563
1.591687
1.601813
1.611938
1.622125
1.632375
1.643125
1.653000
1.662875
1.673062
1.683250
1.693437
1.703500
1.713500
1.723375
1.733125
1.743063
1.753250
1.763500
1.773438
1.783125
1.792500
1.801750
1.811063
1.820437
1.830250
1.839813
1.849500
1.858750
1.868313
1.877813
1.887312
1.896875
1.907437
1.917875
1.927625
1.937125
1.947125
1.957563
1.968813
1.978188
