0.206937500
0.262562500
0.271062500
0.280125000
0.288812500
0.298062500
0.307375000
0.316750000
0.326125000
0.335437500
0.344687500
0.353812500
0.362750000
0.371250000
0.379312500
0.387187500
0.394937500
0.402562500
0.410062500
0.417500000
0.424750000
0.431875000
0.438875000
0.445750000
0.452500000
0.459250000
0.465875000
0.472562500
0.479375000
0.486875000
0.654500000
0.662125000
0.670312500
0.678687500
0.687125000
0.695687500
0.704375000
0.713187500
0.722187500
0.731312500
0.740500000
0.749750000
0.759062500
0.768500000
0.777937500
0.787500000
0.797125000
0.807062500
0.817062500
0.827062500
0.837125000
0.847375000
0.857562500
0.867687500
0.877750000
0.887500000
0.897312500
0.907187500
0.917125000
0.927187500
0.937000000
0.947937500
1.103437500
1.110125000
1.118500000
1.127000000
1.135312500
1.143687500
1.152062500
1.160625000
1.169750000
1.352812500
1.361562500
1.370000000
1.378625000
1.387375000
1.396187500
1.404937500
1.413937500
1.423000000
1.432187500
1.441187500
1.450312500
1.459375000
1.468437500
1.477625000
1.486875000
1.496250000
1.505750000
1.515062500
1.524625000
1.534250000
1.544312500
1.554000000
1.563812500
1.573625000
1.583250000
1.593187500
1.603187500
1.613625000
1.624937500
1.754062500
1.786750000
1.793750000
1.802812500
1.811062500
1.819750000
1.828562500
1.837437500
1.846312500
1.855500000
1.865625000
1.875500000
1.885187500
1.895000000
1.905312500
1.916125000
1.927625000
1.939812500
1.948187500
1.958125000
1.968437500
2.499812500
2.522750000
2.533437500
2.541562500
2.552625000
2.563687500
2.712062500
2.720500000
2.729000000
2.737562500
2.746187500
2.754875000
2.763437500
2.772062500
2.780625000
2.789312500
2.798250000
2.807500000
2.817187500
2.827875000
2.835937500
2.888062500
2.894937500
2.903750000
2.912625000
2.921562500
2.930562500
2.939687500
2.948875000
2.958187500
2.967937500
2.978250000
2.989125000
3.033062500
3.041312500
3.050875000
3.060312500
3.070000000
3.079750000
3.089750000
3.099937500
3.110312500
3.120875000
3.131625000
3.142437500
3.153562500
3.164500000
3.175437500
3.186562500
3.197875000
3.209250000
3.220750000
3.232187500
3.243687500
3.255687500
3.267562500
3.276500000
3.307812500
3.339562500
3.347875000
