0.261187500	
0.269562500	
0.279437500	
0.289000000	
0.299062500	
0.309312500	
0.320125000	
0.331312500	
0.342000000	
0.351562500	
0.360375000	
0.369437500	
0.378375000	
0.387000000	
0.395562500	
0.404000000	
0.412437500	
0.420625000	
0.428875000	
0.436875000	
0.444875000	
0.452625000	
0.460125000	
0.467687500	
0.475000000	
0.482312500	
0.489500000	
0.496437500	
0.503500000	
0.510437500	
0.517500000	
0.524500000	
0.531312500	
0.538187500	
0.545000000	
0.552000000	
0.558875000	
0.565750000	
0.572625000	
0.579625000	
0.586812500	
0.594187500	
0.601625000	
0.609625000	
0.617687500	
0.626312500	
0.651562500	
0.659125000	
0.667312500	
0.675562500	
0.683750000	
0.692187500	
0.700562500	
0.708937500	
0.717375000	
0.725812500	
0.734500000	
0.743062500	
0.751750000	
0.760687500	
0.770250000	
0.826875000	
0.834375000	
0.843000000	
0.851562500	
0.860312500	
0.869187500	
0.878062500	
0.887187500	
0.896250000	
0.905375000	
0.914375000	
0.923437500	
0.932312500	
0.941250000	
0.950125000	
0.958875000	
0.968000000	
0.976500000	
0.985000000	
0.993187500	
1.001687500	
1.010125000	
1.018562500	
1.026875000	
1.035312500	
1.043812500	
1.061375000	
1.070437500	
1.079375000	
1.088437500	
1.097625000	
1.106937500	
1.116125000	
1.125375000	
1.134500000	
1.143687500	
1.153000000	
1.162500000	
1.172187500	
1.181687500	
1.246500000	
1.253937500	
1.262375000	
1.270500000	
1.278625000	
1.286937500	
1.295312500	
1.303500000	
1.311812500	
1.320250000	
1.328812500	
1.337250000	
1.346000000	
1.354687500	
1.363937500	
1.373312500	
1.383125000	
1.393187500	
1.403812500	
1.414625000	
1.425250000	
1.435812500	
1.446562500	
1.457375000	
1.468125000	
1.478687500	
1.489250000	
1.499687500	
1.509500000	
1.520062500	
1.530125000	
1.539937500	
1.548750000	
1.677562500	
1.686687500	
1.696437500	
1.706312500	
1.716250000	
1.726562500	
1.736812500	
1.746187500	
1.756000000	
1.765187500	
1.774750000	
1.784562500	
1.794500000	
1.805062500	
1.815562500	
1.826687500	
1.906000000	
1.913437500	
1.922312500	
1.930562500	
1.939375000	
1.948125000	
1.957000000	
1.965937500	
1.975312500	
1.985000000	
2.135312500	
2.142500000	
2.151375000	
2.160750000	
2.170187500	
2.179562500	
2.189000000	
2.198875000	
2.208687500	
2.218250000	
2.228187500	
2.238187500	
2.248187500	
2.258250000	
2.268875000	
2.279187500	
2.290125000	
2.300687500	
2.311687500	
2.322437500	
2.333687500	
2.344187500	
2.354125000	
2.365250000	
2.375562500	
2.386937500	
