0.306687500
0.315437500
0.324250000
0.332625000
0.340937500
0.349437500
0.358062500
0.366812500
0.375562500
0.384625000
0.393562500
0.402750000
0.411937500
0.421125000
0.431250000
0.441562500
0.577562500
0.584250000
0.591062500
0.598000000
0.604687500
0.611375000
0.618062500
0.624625000
0.631250000
0.637937500
0.644437500
0.650937500
0.657562500
0.664187500
0.670812500
0.677687500
0.684500000
0.691812500
0.699250000
0.860562500
0.866500000
0.873000000
0.879250000
0.885625000
0.892000000
0.898562500
0.905062500
0.911875000
0.918625000
0.925687500
0.932875000
0.940312500
0.948250000
0.956500000
0.965062500
0.974000000
0.983500000
0.993312500
1.003312500
1.013812500
1.024187500
1.034687500
1.045062500
1.054937500
1.065875000
1.075812500
1.086375000
1.096500000
1.106875000
1.310062500
1.380062500
1.388625000
1.398625000
1.407437500
1.416625000
1.425812500
1.435125000
1.444375000
1.453937500
1.463375000
1.473000000
1.482937500
1.494312500
1.504187500
1.580250000
1.588375000
1.597937500
1.606562500
1.615250000
1.624125000
1.632812500
1.641562500
1.650125000
1.658187500
1.666750000
1.674812500
1.682937500
1.691250000
1.699625000
1.707687500
1.715937500
1.724562500
1.733687500
1.742812500
1.751187500
1.759250000
1.767062500
1.774750000
1.782187500
1.789750000
1.797375000
1.805000000
1.812625000
1.820375000
1.828187500
1.836000000
1.844000000
1.852062500
1.860125000
1.868125000
1.876250000
1.884500000
1.892812500
1.901062500
1.909375000
1.917687500
1.926000000
1.934437500
1.942812500
1.951375000
1.960000000
1.968750000
1.977562500
1.986562500
1.995687500
2.101812500
2.109812500
2.118125000
2.126500000
2.134937500
2.143375000
2.152062500
2.160937500
2.170125000
2.179500000
2.189250000
2.198750000
2.209625000
2.219875000
2.230812500
2.241937500
2.253062500
2.264875000
2.408750000
2.481000000
2.489562500
2.498625000
2.507937500
2.516875000
2.527250000
2.537500000
2.547750000
2.558062500
2.568312500
2.578562500
2.588812500
2.598750000
2.608750000
2.618500000
2.628125000
2.637875000
2.647062500
2.656437500
2.665500000
2.674500000
2.683750000
2.692625000
2.701625000
2.710312500
2.719562500
2.728625000
2.737812500
2.747000000
2.756375000
2.765687500
2.775000000
2.784375000
2.793375000
2.802687500
2.811875000
2.821187500
2.830375000
2.839500000
2.848687500
2.857750000
2.866875000
2.875937500
2.885000000
2.894312500
2.903625000
2.912750000
2.922000000
2.931312500
2.940562500
2.950062500
2.959562500
2.969125000
2.978562500
2.988000000
2.997437500
3.007062500
3.016937500
3.026687500
3.036562500
3.046312500
3.056125000
3.065937500
3.076500000
3.086125000
3.339000000
3.347812500
3.356875000
3.365437500
3.374812500
3.383625000
3.392937500
3.402062500
3.411375000
3.420625000
3.430062500
3.439562500
3.449250000
3.480250000
3.488312500
3.498000000
3.508125000
3.518687500
3.660000000
3.667375000
3.677062500
3.687312500
3.697000000
3.707375000
3.717937500
3.729187500
