0.356063
0.365188
0.372875
0.381688
0.389500
0.398125
0.406250
0.414500
0.422563
0.430625
0.438688
0.446875
0.455125
0.463875
0.590000
0.597250
0.606500
0.615563
0.625812
0.634750
0.645750
0.654563
0.667188
0.674875
0.687250
0.695125
0.736062
0.755437
0.776813
0.787312
1.163688
1.172063
1.180500
1.189000
1.197688
1.206500
1.215437
1.224500
1.233688
1.243000
1.252312
1.261500
1.270500
1.279250
1.287875
1.296313
1.304750
1.313250
1.321625
1.330062
1.338375
1.346625
1.354875
1.363125
1.371375
1.379500
1.387563
1.395563
1.403437
1.411250
1.419188
1.427000
1.434938
1.442875
1.450875
1.459062
1.608562
1.614875
1.623375
1.631875
1.640438
1.649188
1.657938
1.666750
1.675688
1.685563
1.696250
1.716438
1.725000
1.733875
1.742813
1.751688
1.760563
1.769562
1.778625
1.787688
1.796625
1.805938
1.815687
1.826125
1.893625
1.902813
1.911625
1.920938
1.930063
1.939437
1.948813
1.958188
1.967688
1.977438
1.987250
1.997187
2.007250
2.017250
2.027438
2.037750
2.048125
2.058813
2.069437
2.080188
2.090937
2.101500
2.112188
2.123375
2.135000
