0.166312500
0.173562500
0.181687500
0.189312500
0.197187500
0.205187500
0.213250000
0.221437500
0.229625000
0.237875000
0.246312500
0.254500000
0.262937500
0.271187500
0.279187500
0.287187500
0.294875000
0.302625000
0.310000000
0.317187500
0.324437500
0.331562500
0.338625000
0.345625000
0.352625000
0.359562500
0.366500000
0.373437500
0.380437500
0.387187500
0.394000000
0.400937500
0.407937500
0.415000000
0.422375000
0.429937500
0.437687500
0.445875000
0.454687500
0.483312500
0.491750000
0.501250000
0.510750000
0.520625000
0.530500000
0.540687500
0.551125000
0.561687500
0.572125000
0.582812500
0.593000000
0.603437500
0.614625000
0.925062500
0.932750000
0.940687500
0.948687500
0.956812500
0.964937500
0.973250000
0.981562500
0.990125000
0.998875000
1.007812500
1.016937500
1.026312500
1.035937500
1.045875000
1.056125000
1.066687500
1.077375000
1.088500000
1.099625000
1.110375000
1.121062500
1.131750000
1.142187500
1.152562500
1.162875000
1.540125000
1.584562500
1.592437500
1.601687500
1.610562500
1.619687500
1.628750000
1.638000000
1.647562500
1.657187500
1.666937500
1.677125000
1.687562500
1.698187500
1.708750000
1.718812500
1.728187500
1.737312500
1.746250000
1.755062500
1.763937500
1.772937500
1.781875000
1.790687500
1.799562500
1.808312500
1.817000000
1.825625000
1.834312500
1.843000000
1.851562500
1.860312500
2.037625000
2.044562500
2.053312500
2.061500000
2.069937500
2.078625000
2.087250000
2.096312500
2.105250000
2.114375000
2.123625000
2.133125000
2.142562500
2.152375000
2.162062500
2.172125000
2.182062500
2.191875000
2.201562500
2.210937500
2.220187500
2.229437500
2.238625000
2.247875000
2.257187500
2.266500000
2.275875000
2.285437500
2.295000000
2.304375000
2.314250000
2.324812500
2.335312500
2.345812500
2.356500000
2.367250000
2.378000000
2.388937500
2.399187500
2.419125000
2.428312500
