0.292812500
0.299937500
0.308437500
0.316937500
0.325750000
0.335125000
0.456250000
0.462562500
0.470187500
0.477437500
0.485000000
0.492562500
0.500125000
0.507750000
0.515375000
0.523125000
0.530812500
0.538500000
0.546187500
0.554125000
0.561562500
0.569187500
0.577187500
0.584250000
0.592125000
0.598750000
0.611812500
0.679500000
0.686812500
0.694562500
0.702250000
0.709875000
0.717375000
0.724875000
0.732312500
0.739812500
0.747062500
0.754375000
0.761562500
0.768625000
0.775750000
0.782812500
0.789812500
0.796812500
0.803812500
0.810937500
0.817875000
0.824812500
0.831625000
0.838437500
0.845125000
0.852000000
0.858687500
0.865625000
0.872437500
0.879312500
0.886250000
0.893312500
0.900375000
0.907937500
0.915937500
0.980500000
0.987437500
0.995375000
1.003312500
1.011312500
1.019437500
1.027750000
1.036187500
1.045062500
1.053500000
1.062125000
1.070937500
1.080062500
1.089500000
1.254625000
1.261000000
1.268750000
1.276312500
1.284062500
1.292000000
1.299937500
1.308000000
1.316375000
1.448625000
1.455687500
1.464875000
1.473875000
1.483250000
1.492562500
1.501750000
1.511125000
1.520625000
1.530187500
1.539625000
1.549062500
1.558562500
1.568562500
1.578562500
1.589000000
1.599375000
1.609437500
1.619687500
1.630312500
1.642250000
1.651125000
1.724312500
1.733187500
1.742187500
1.751125000
1.760187500
1.769375000
1.778500000
1.787562500
1.796812500
1.806187500
1.815125000
1.824312500
1.833375000
1.842437500
1.851625000
1.861000000
1.870375000
1.879750000
1.889312500
1.898812500
1.908562500
1.918312500
1.928187500
1.938500000
1.948750000
1.959625000
1.970125000
1.980812500
1.991625000
2.001750000
2.011625000
2.021937500
2.032187500
2.406812500
2.430250000
2.436500000
2.445000000
2.453062500
2.461500000
2.470000000
2.478812500
2.618125000
2.626000000
2.634375000
2.642625000
2.651000000
2.659437500
2.668000000
2.676750000
2.685500000
2.694437500
2.703812500
2.713187500
2.722687500
2.732500000
2.742250000
2.752000000
2.761562500
2.770937500
2.780625000
2.790000000
2.799500000
2.809000000
2.818875000
2.828500000
2.838187500
2.848250000
2.858125000
2.868250000
2.878437500
2.888562500
2.899312500
2.909625000
2.920187500
2.930562500
2.941187500
2.951750000
2.962312500
2.973062500
2.983062500
