0.175750000
0.257062500
0.265625000
0.273687500
0.281750000
0.289812500
0.298375000
0.306750000
0.314812500
0.323187500
0.331625000
0.340000000
0.348562500
0.357187500
0.365812500
0.375000000
0.383437500
0.438187500
0.445250000
0.453562500
0.462125000
0.470562500
0.479250000
0.487812500
0.496250000
0.504625000
0.513125000
0.520875000
0.528875000
0.536125000
0.544750000
0.552437500
0.560500000
0.568187500
0.575812500
0.582875000
0.590125000
0.597375000
0.604625000
0.612125000
0.620750000
0.628687500
0.636937500
0.645375000
0.653687500
0.662062500
0.670312500
0.678500000
0.686750000
0.694875000
0.703125000
0.711375000
0.720000000
0.728937500
0.737062500
0.787875000
0.795312500
0.803000000
0.810687500
0.818500000
0.826375000
0.834625000
0.842812500
0.851437500
0.860437500
0.869812500
0.880125000
1.003187500
1.011812500
1.020250000
1.028750000
1.037437500
1.046125000
1.054687500
1.063437500
1.072000000
1.080812500
1.089437500
1.098000000
1.106562500
1.114937500
1.123375000
1.131625000
1.139875000
1.148000000
1.156000000
1.164062500
1.172062500
1.180062500
1.188000000
1.196000000
1.203937500
1.212062500
1.220062500
1.228250000
1.236312500
1.244437500
1.252812500
1.261125000
1.269500000
1.277000000
1.285250000
1.293312500
1.301750000
1.309937500
1.318375000
1.326500000
1.335250000
1.344625000
1.352937500
1.362000000
1.371000000
1.379875000
1.388750000
1.398000000
1.409062500
1.552250000
1.560312500
1.569312500
1.578437500
1.587812500
1.597062500
1.606250000
1.615375000
1.624812500
1.633812500
1.642937500
1.652000000
1.661187500
1.670125000
1.679437500
1.688125000
1.697187500
1.706187500
1.715375000
1.724500000
1.733937500
1.743500000
1.753062500
1.762625000
1.772625000
1.782812500
1.793500000
1.804250000
1.815062500
1.825812500
