0.126500000
0.255937500
0.262312500
0.269875000
0.278000000
0.285937500
0.293812500
0.301625000
0.309125000
0.316625000
0.323812500
0.331000000
0.338062500
0.345187500
0.352437500
0.359937500
0.368625000
0.493500000
0.503250000
0.512187500
0.523375000
0.532937500
0.543812500
0.553562500
0.564187500
0.573812500
0.584812500
0.594187500
0.604500000
0.615187500
0.624687500
0.635000000
1.153187500
1.161437500
1.170375000
1.179250000
1.188250000
1.197500000
1.206625000
1.215500000
1.224500000
1.233500000
1.242562500
1.251750000
1.261000000
1.270125000
1.279312500
1.288687500
1.298125000
1.307812500
1.317625000
1.327937500
1.372375000
1.398937500
1.497125000
1.504500000
1.513250000
1.521750000
1.530312500
1.538750000
1.547000000
1.555187500
1.563562500
1.571812500
1.579937500
1.588312500
1.596562500
1.604875000
1.613125000
1.621437500
1.629750000
1.638000000
1.646375000
1.654562500
1.662812500
1.671062500
1.679375000
1.687812500
1.696375000
1.705062500
1.713812500
1.722687500
1.731562500
1.740312500
1.749187500
1.757812500
1.766375000
1.775000000
1.783562500
1.792312500
1.801312500
1.810437500
1.819937500
1.829812500
1.839000000
1.848250000
1.857562500
1.867000000
1.876687500
1.886750000
1.896875000
1.907375000
2.041375000
2.047562500
2.055937500
2.065062500
2.074250000
2.083625000
2.092875000
2.102250000
2.111562500
2.121000000
2.130562500
2.140125000
2.150000000
2.263500000
2.271875000
2.282625000
2.292062500
2.302500000
2.313250000
2.323500000
2.334500000
2.345625000
2.355875000
