0.385250000
0.391437500
0.398562500
0.405000000
0.411625000
0.418187500
0.424687500
0.431375000
0.438062500
0.444625000
0.578312500
0.584750000
0.591375000
0.597937500
0.604687500
0.611375000
0.618250000
0.625437500
0.632687500
0.640250000
0.648437500
0.656750000
0.665500000
0.718312500
0.725625000
0.733937500
0.742250000
0.750687500
0.759000000
0.767312500
0.775375000
0.783625000
0.791562500
0.800062500
0.805937500
0.923125000
0.930937500
0.939312500
0.947625000
0.955812500
0.963937500
0.972062500
0.980562500
0.989125000
0.997750000
1.006750000
1.015875000
1.025312500
1.034875000
1.045125000
1.204875000
1.327500000
1.335812500
1.344437500
1.353562500
1.362750000
1.372125000
1.382375000
1.424562500
1.433250000
1.442687500
1.451687500
1.460687500
1.469625000
1.478500000
1.487250000
1.495937500
1.504500000
1.512812500
1.520937500
1.529187500
1.537125000
1.545437500
1.676812500
1.685125000
1.694000000
1.702875000
1.711375000
1.720000000
1.728562500
1.737125000
1.745687500
1.754375000
1.763000000
1.771562500
1.780187500
1.788812500
1.797500000
1.806187500
1.815062500
1.824187500
1.833125000
1.842250000
1.851250000
1.860500000
1.870187500
1.880000000
1.890062500
1.899812500
1.909625000
1.919062500
1.928375000
1.937937500
1.947312500
1.956250000
1.965187500
1.974187500
1.983125000
1.991875000
2.000750000
2.009687500
2.018875000
2.028062500
2.165937500
2.173562500
2.183687500
2.192687500
2.202125000
2.211750000
2.221375000
2.231187500
2.241187500
2.251500000
2.262125000
2.335437500
2.343562500
2.352812500
2.362750000
2.372437500
2.382312500
2.392437500
2.403000000
2.413812500
2.423937500
2.434062500
2.444125000
2.454125000
2.464250000
2.474187500
2.484000000
2.493750000
2.503562500
2.513375000
2.522875000
2.532312500
2.541687500
2.551250000
2.560687500
2.570187500
2.579812500
2.589250000
2.598875000
2.608375000
2.618000000
2.627562500
2.636875000
2.646625000
2.656250000
2.666875000
2.776562500
2.784562500
2.794250000
2.804562500
2.815312500
2.942062500
2.950312500
2.959687500
2.969250000
2.979000000
2.988750000
2.998875000
3.008625000
3.018687500
3.028812500
3.038875000
3.048875000
3.058875000
3.068375000
3.078250000
3.088062500
3.097937500
3.107937500
3.117812500
3.127750000
3.137687500
3.147562500
3.157750000
3.168187500
3.178437500
3.189125000
3.199375000
3.210000000
3.220625000
3.231250000
3.242125000
3.253250000
3.263437500
3.273437500
3.283375000
3.293812500
3.304687500
