0.224187500
0.307250000
0.314750000
0.323750000
0.332500000
0.341375000
0.350312500
0.359375000
0.368500000
0.377687500
0.386750000
0.395750000
0.404500000
0.413000000
0.421000000
0.429062500
0.436937500
0.444500000
0.451937500
0.459500000
0.466687500
0.473875000
0.480812500
0.487625000
0.494625000
0.501625000
0.508375000
0.515187500
0.522562500
0.653250000
0.660687500
0.668187500
0.675625000
0.683375000
0.691187500
0.699062500
0.706687500
0.714562500
0.722500000
0.730500000
0.738562500
0.746437500
0.754250000
0.762187500
0.770000000
0.778000000
0.785750000
0.793750000
0.801812500
0.809875000
0.818000000
0.826125000
0.834437500
0.842937500
0.851187500
0.859687500
0.868375000
0.877062500
0.885812500
0.894625000
0.903750000
0.971562500
0.979625000
0.988062500
0.996437500
1.004875000
1.013625000
1.022437500
1.031687500
1.040875000
1.050250000
1.059625000
1.069375000
1.078625000
1.087000000
1.095875000
1.104812500
1.113812500
1.122312500
1.130625000
1.138625000
1.146625000
1.154937500
1.163437500
1.172500000
1.181437500
1.190187500
1.199187500
1.208062500
1.217062500
1.225875000
1.234500000
1.243062500
1.251687500
1.260125000
1.268625000
1.277562500
1.286875000
1.296625000
1.398625000
1.405750000
1.414687500
1.423312500
1.431937500
1.440812500
1.450062500
1.573312500
1.582125000
1.591000000
1.598375000
1.608562500
1.616625000
1.627812500
1.800000000
1.806875000
1.815500000
1.824250000
1.832875000
1.841750000
1.850562500
1.859312500
1.868187500
1.877062500
1.885875000
1.894687500
1.903250000
2.018687500
2.026312500
2.036312500
2.046812500
2.057625000
2.069375000
2.114625000
2.124375000
2.135812500
2.147125000
2.158312500
2.166500000
2.178875000
