0.128812500
0.255937500
0.262312500
0.270437500
0.277750000
0.285125000
0.292500000
0.300062500
0.307687500
0.316187500
0.431750000
0.437125000
0.444375000
0.451375000
0.458562500
0.465812500
0.473250000
0.481000000
0.489125000
0.497875000
0.507187500
0.516937500
0.541062500
0.548687500
0.556562500
0.564437500
0.572437500
0.580687500
0.588812500
0.597312500
0.606562500
0.801250000
0.807875000
0.816250000
0.824562500
0.832812500
0.841062500
0.849625000
0.857937500
0.866312500
0.874687500
0.883062500
0.891562500
0.900000000
0.908312500
0.916750000
0.925125000
0.933687500
0.942250000
0.950812500
0.959562500
0.968250000
0.976937500
0.986000000
0.995000000
1.004125000
1.013312500
1.022562500
1.032000000
1.041625000
1.051312500
1.061187500
1.071250000
1.081562500
1.319125000
1.327312500
1.335750000
1.344187500
1.352562500
1.361125000
1.369625000
1.378062500
1.386562500
1.395062500
1.403750000
1.412437500
1.421187500
1.430062500
1.438937500
1.448000000
1.457375000
1.466937500
1.476625000
1.486500000
1.496625000
1.506750000
1.517312500
1.527875000
1.539562500
1.550562500
1.562312500
1.574750000
1.584000000
1.596750000
1.776437500
1.784312500
1.801000000
1.809000000
1.818937500
1.827125000
1.835250000
1.844812500
1.854062500
1.863625000
1.873375000
1.883437500
1.993187500
2.001312500
2.011625000
2.020562500
2.030000000
2.039312500
2.048875000
2.058187500
2.067562500
2.076750000
2.086187500
2.095375000
2.104500000
2.113875000
2.123062500
2.132375000
2.141625000
2.151000000
2.160500000
2.170125000
2.179625000
2.189187500
2.199875000
2.209625000
2.294687500
2.303187500
2.313687500
2.322750000
