0.236250000
0.244312500
0.251187500
0.258750000
0.265812500
0.273000000
0.280250000
0.287500000
0.294687500
0.303125000
0.311000000
0.424375000
0.430625000
0.437125000
0.443625000
0.450187500
0.456937500
0.464000000
0.471312500
0.478937500
0.487375000
0.584125000
0.591812500
0.599687500
0.607562500
0.615500000
0.623437500
0.631437500
0.639750000
0.647625000
0.655375000
0.663937500
0.671812500
0.679562500
0.692187500
0.725500000
0.732562500
0.747625000
0.756062500
0.764062500
0.772937500
0.781562500
0.790187500
0.798687500
0.807187500
0.815562500
0.823812500
0.832000000
0.840187500
0.848250000
0.857000000
0.866625000
0.874125000
0.883437500
0.980062500
0.987625000
0.996750000
1.006812500
1.017562500
1.029687500
1.153875000
1.162187500
1.172000000
1.181812500
1.192125000
1.204187500
1.269562500
1.277437500
1.286937500
1.296312500
1.305812500
1.315562500
1.325000000
1.334625000
1.344562500
1.354937500
1.365375000
1.375125000
1.385312500
1.395250000
1.405375000
1.415375000
1.425062500
1.434625000
1.444250000
1.453437500
1.462500000
1.471500000
1.480437500
1.489375000
1.498750000
1.507562500
1.538125000
1.546375000
1.555062500
1.563812500
1.572687500
1.581812500
1.591062500
1.600437500
1.610375000
1.621000000
1.737062500
1.745562500
1.754750000
1.764062500
1.773500000
1.782937500
1.792562500
1.802562500
1.812812500
1.939312500
1.947812500
1.956687500
1.965500000
1.974125000
1.982875000
1.991687500
2.000312500
2.008937500
2.017500000
2.025937500
2.034437500
2.043187500
2.052875000
2.161187500
2.168125000
2.178562500
2.189500000
2.200625000
2.211687500
2.223312500
2.235187500
2.247062500
