0.174563
0.220625
0.227937
0.237125
0.244000
0.252937
0.261125
0.269625
0.278250
0.286875
0.295375
0.303812
0.312250
0.320437
0.328500
0.336313
0.343875
0.351313
0.358625
0.365812
0.372812
0.379750
0.386625
0.393437
0.400250
0.407187
0.537188
0.543937
0.551000
0.558625
0.723375
0.729500
0.736812
0.744188
0.751500
0.758938
0.766500
0.774250
0.888938
0.896125
0.903875
0.912000
0.920312
0.928750
0.937312
0.946000
0.954875
0.963875
0.972875
0.982000
0.991313
1.000813
1.010563
1.020375
1.030312
1.040188
1.050250
1.060375
1.072000
1.114125
1.123563
1.133875
1.143438
1.153812
1.292875
1.299813
1.308437
1.317313
1.326188
1.335125
1.344062
1.353063
1.362125
1.371250
1.380437
1.389625
1.398625
1.407563
1.416688
1.425750
1.435062
1.444500
1.454187
1.464187
1.474938
1.486375
1.494625
1.504063
1.513813
1.523625
1.534250
1.545313
1.556938
1.646500
1.654500
1.664000
1.672937
1.682125
1.691375
1.700500
1.709625
1.718687
1.727625
1.736563
1.745562
1.754500
1.763437
1.772250
1.780938
1.789500
1.798000
1.806312
1.814625
1.822938
1.831187
1.839375
1.847500
1.855563
1.863625
1.871750
1.879875
1.888125
1.896437
1.904875
1.913500
1.922500
2.128812
2.136687
2.145313
2.153938
2.162688
2.171625
2.180813
2.308063
2.314625
2.323937
2.333000
2.342250
2.351688
2.361188
2.370687
2.380375
2.390250
2.400187
2.410125
2.420187
2.430250
2.440500
2.450938
2.461813
2.473250
2.528875
2.537250
2.546625
2.556000
2.565437
2.575000
2.584563
2.594125
2.603813
2.613625
2.623562
2.633563
2.643562
2.653500
2.663937
2.674000
2.683688
2.694313
2.704813
2.715250
2.726313
2.737125
2.748063
2.778500
