0.179437500
0.245125000
0.253812500
0.262937500
0.271125000
0.280250000
0.289187500
0.298937500
0.307062500
0.316562500
0.325687500
0.335375000
0.344875000
0.354437500
0.363812500
0.373250000
0.382625000
0.392000000
0.401250000
0.410562500
0.419750000
0.428437500
0.437437500
0.446375000
0.455000000
0.463500000
0.471750000
0.479687500
0.487687500
0.495937500
0.503875000
0.511437500
0.519312500
0.527000000
0.535000000
0.542625000
0.550062500
0.557437500
0.564750000
0.572062500
0.579250000
0.586562500
0.593812500
0.601125000
0.608375000
0.615687500
0.622937500
0.630125000
0.637375000
0.644687500
0.652000000
0.659312500
0.666625000
0.674000000
0.681437500
0.688875000
0.696437500
0.704437500
0.712437500
0.720812500
0.729437500
0.738750000
0.746937500
0.756312500
0.819500000
0.826750000
0.835250000
0.843562500
0.852062500
0.860625000
0.869375000
0.878062500
0.886812500
0.895250000
0.904000000
0.912812500
0.921625000
0.930312500
0.939062500
0.947750000
0.956500000
0.965312500
0.974250000
0.983312500
0.992375000
1.001562500
1.011250000
1.020250000
1.028937500
1.037687500
1.046562500
1.056062500
1.062750000
1.280750000
1.287625000
1.295437500
1.303187500
1.311125000
1.319187500
1.327437500
1.335750000
1.344250000
1.353000000
1.362062500
1.371625000
1.382000000
1.392687500
1.403687500
1.414937500
1.426062500
1.437062500
1.448312500
1.459250000
1.470562500
1.481625000
1.492625000
1.503125000
1.513625000
1.525000000
1.623875000
1.646875000
1.654375000
1.662375000
1.670625000
1.679312500
1.689500000
1.697687500
1.707437500
1.717625000
1.728187500
1.739125000
1.750250000
1.760687500
1.770500000
1.780937500
1.792875000
1.858375000
1.867125000
1.877062500
1.887687500
2.043437500
2.051187500
2.060937500
2.070437500
2.080125000
2.089750000
2.099437500
2.109187500
2.119125000
2.129125000
2.139062500
2.149312500
2.160687500
2.171937500
2.182812500
2.194437500
2.203812500
