0.220875000	
0.229500000	
0.237750000	
0.246375000	
0.255062500	
0.263937500	
0.272937500	
0.282000000	
0.290937500	
0.300187500	
0.309375000	
0.318875000	
0.328562500	
0.338187500	
0.347625000	
0.357000000	
0.366312500	
0.375750000	
0.385250000	
0.394750000	
0.404562500	
0.414062500	
0.424250000	
0.434000000	
0.552625000	
0.561125000	
0.569500000	
0.577875000	
0.586187500	
0.594562500	
0.602875000	
0.611000000	
0.619000000	
0.626937500	
0.634875000	
0.642687500	
0.650375000	
0.657937500	
0.665375000	
0.672687500	
0.680250000	
0.687500000	
0.695125000	
0.702687500	
0.710812500	
0.719312500	
0.868312500	
0.875812500	
0.883562500	
0.891312500	
0.899062500	
0.906812500	
0.914562500	
0.922500000	
0.930250000	
0.938250000	
0.945750000	
0.953625000	
0.961187500	
0.968750000	
0.976500000	
0.983937500	
0.991187500	
0.998750000	
1.005750000	
1.012875000	
1.020062500	
1.026937500	
1.033937500	
1.040812500	
1.047625000	
1.054375000	
1.060812500	
1.067500000	
1.074187500	
1.080687500	
1.087250000	
1.093875000	
1.100500000	
1.107312500	
1.114125000	
1.120937500	
1.462812500	
1.471250000	
1.479562500	
1.488000000	
1.496625000	
1.505187500	
1.513500000	
1.521875000	
1.530312500	
1.538750000	
1.547062500	
1.555375000	
1.563750000	
1.572187500	
1.580875000	
1.589625000	
1.598937500	
1.608187500	
1.617750000	
1.627062500	
1.635625000	
1.644375000	
1.653687500	
1.663250000	
1.721562500	
1.729125000	
1.738000000	
1.746250000	
1.754937500	
1.763625000	
1.772000000	
1.780437500	
1.789000000	
1.797500000	
1.806125000	
1.814937500	
1.823625000	
1.831875000	
1.840437500	
1.849062500	
1.857312500	
1.865812500	
1.874062500	
1.882312500	
1.890500000	
1.898500000	
1.906250000	
1.914000000	
1.921937500	
1.929750000	
1.937500000	
1.945187500	
1.953062500	
1.960937500	
1.968750000	
2.384875000	
2.394375000	
2.402875000	
2.412125000	
2.420937500	
2.430062500	
2.439375000	
2.449250000	
2.459937500	
2.478625000	
2.486687500	
2.495312500	
2.504062500	
2.512625000	
2.521437500	
2.660625000	
2.667062500	
2.674812500	
2.682500000	
2.690312500	
2.698250000	
2.706062500	
2.714000000	
2.722312500	
2.825500000	
2.833687500	
2.843250000	
2.853125000	
2.862687500	
2.980937500	
2.989250000	
2.999062500	
3.008875000	
3.019000000	
3.029125000	
3.039312500	
3.050125000	
3.060937500	
3.072312500	
3.083437500	
3.095125000	
3.106812500	
