0.348562500
0.356250000
0.363687500
0.371312500
0.379062500
0.386875000
0.394875000
0.403000000
0.411437500
0.419875000
0.428437500
0.437000000
0.445562500
0.454062500
0.462562500
0.471000000
0.479437500
0.487687500
0.496000000
0.504250000
0.512562500
0.520875000
0.529187500
0.537500000
0.545812500
0.554062500
0.562187500
0.570312500
0.578250000
0.586250000
0.594187500
0.602125000
0.610125000
0.618125000
0.626250000
0.634375000
0.642625000
0.651062500
0.660250000
0.669625000
0.679687500
0.690125000
0.699812500
0.710250000
0.720812500
0.731437500
0.742625000
0.751687500
0.763375000
0.771562500
0.782125000
0.792500000	
0.801500000	
0.811250000	
0.821000000	
0.831500000	
0.841000000	
0.851250000	
1.124375000
1.165812500
1.174937500
1.183250000
1.192500000
1.201312500
1.210312500
1.219562500
1.229312500
1.239312500
1.249562500
1.259312500
1.268812500
1.278875000
1.288500000
1.297750000
1.306562500
1.316875000
1.324187500
1.343187500
1.351625000
1.363250000
1.371062500
1.389062500
1.397312500
1.406312500
1.415062500
1.424312500
1.433500000
1.442062500
1.450875000
1.459562500
1.468062500
1.476562500
1.484875000
1.493187500
1.501437500
1.509812500
1.518562500
1.528062500
1.537062500
1.546500000
1.557500000	
1.566250000	
1.576750000	
1.585250000	
1.594250000	
1.656062500
1.663250000
1.672187500
1.681000000
1.690125000
1.699312500
1.708562500
1.717875000
1.727687500
1.738125000
1.897125000
1.904937500
1.913687500
1.922375000
1.931187500
1.940000000
1.948750000
1.957562500
1.966250000
1.974937500
1.983687500
1.992375000
2.001125000
2.010000000
2.019000000
2.028250000
2.201125000
2.209812500
2.218937500
2.228625000
2.238125000
2.247750000
2.257437500
2.267125000
2.276875000
2.286687500
2.296625000
2.307125000
2.316187500
2.326750000
2.338500000
2.347062500
2.379562500
2.388500000
2.397687500
2.407000000
2.416187500
2.425437500
2.434625000
2.444000000
2.453375000
2.462750000
2.472312500
2.481937500
2.491625000
2.501875000
2.511937500
2.522187500
2.532687500
2.542937500
2.553187500
2.563875000
2.574437500
2.585750000
