0.356438
0.364125
0.372437
0.380313
0.388250
0.396062
0.403813
0.411375
0.418875
0.426188
0.433375
0.440625
0.447500
0.454437
0.461313
0.468187
0.475063
0.481938
0.488750
0.495625
0.502437
0.509312
0.516250
0.523312
0.530500
0.537875
0.545312
0.552875
0.560937
0.568750
0.583438
0.590313
0.597500
0.604688
0.612000
0.619313
0.626687
0.634062
0.641500
0.648937
0.656438
0.664000
0.671562
0.679250
0.687063
0.695000
0.703125
0.711375
0.719812
0.728375
0.737062
0.745875
0.754687
0.763375
0.771938
0.780312
0.788750
0.797125
0.805562
0.813937
0.822313
0.830812
0.839313
0.848000
0.856625
0.865437
0.874250
0.883375
0.892500
0.901750
0.911375
0.921125
0.931125
0.941250
0.951500
0.961812
0.972375
0.983000
0.993938
1.005562
1.016188
1.025625
1.035750
1.046125
1.057125
1.067813
1.079438
1.171812
1.180500
1.190063
1.199437
1.208813
1.218188
1.227500
1.236750
1.246125
1.255438
1.264750
1.273937
1.283250
1.292375
1.301438
1.310688
1.320062
1.329938
1.338313
1.411063
1.419250
1.428750
1.439000
1.449125
1.459062
1.469313
1.598188
1.606375
1.615312
1.624750
1.634313
1.643812
1.653375
1.662938
1.672438
1.681812
1.851500
1.860438
1.880187
1.899812
1.919188
