0.112812500
0.264125000
0.270937500
0.278750000
0.286500000
0.294250000
0.301812500
0.309312500
0.316687500
0.324062500
0.331437500
0.338750000
0.346000000
0.353125000
0.360187500
0.367187500
0.374125000
0.381062500
0.387875000
0.394625000
0.401562500
0.408625000
0.414812500
0.421625000
0.428062500
0.434687500
0.441312500
0.448062500
0.454812500
0.461625000
0.468562500
0.475437500
0.482375000
0.489500000
0.496312500
0.505125000
0.512312500
0.520187500
0.528125000
0.536125000
0.544062500
0.552000000
0.560000000
0.567937500
0.575875000
0.583812500
0.591812500
0.600187500
0.608687500
0.617187500
0.625687500
0.634187500
0.642625000
0.650937500
0.659062500
0.667000000
0.674937500
0.682812500
0.690750000
0.698687500
0.706687500
0.714750000
0.723000000
0.731500000
0.739875000
0.748437500
0.757250000
0.766437500
0.776250000
0.832187500
0.840625000
0.848937500
0.857187500
0.865437500
0.873687500
0.882000000
0.890375000
0.898812500
0.907375000
0.915875000
0.924312500
0.932625000
0.940937500
0.949250000
0.957625000
0.966187500
0.974937500
0.984125000
1.135062500
1.142562500
1.150687500
1.158875000
1.167312500
1.175750000
1.184312500
1.193000000
1.201625000
1.210375000
1.219250000
1.228312500
1.237625000
1.247312500
1.257437500
1.270125000
1.278062500
1.311875000
1.320062500
1.361500000
1.393250000
1.553437500
1.563062500
1.572437500
1.582312500
1.593875000
1.684312500
1.690500000
1.697812500
1.705500000
1.713812500
1.721500000
1.729312500
1.736750000
1.745250000
1.753875000
1.854937500
1.863500000
1.872062500
1.880750000
1.889812500
1.899250000
1.909250000
1.920750000
2.062625000
2.070312500
2.081500000
2.089875000
2.127437500
2.157750000
2.165625000
2.302750000
2.311500000
2.321750000
2.331312500
2.340750000
2.350500000
2.360750000
2.370500000
2.380250000
2.390000000
2.399750000
2.409625000
2.419562500
2.429625000
2.439812500
2.450187500
2.460687500
2.471750000
2.481312500
2.490812500
2.499875000
2.509062500
2.518250000
2.527375000
2.536562500
2.545812500
2.555125000
2.564437500
2.574000000
2.583937500
2.592750000
2.603562500
