0.111562500
0.274500000
0.280625000
0.289500000
0.298437500
0.307250000
0.315875000
0.324375000
0.332625000
0.340687500
0.348687500
0.356375000
0.363937500
0.371125000
0.378187500
0.385062500
0.391750000
0.398312500
0.404687500
0.410937500
0.417062500
0.423062500
0.429062500
0.435000000
0.441000000
0.446937500
0.453250000
0.459250000
0.465625000
0.602625000
0.608437500
0.614750000
0.621062500
0.627250000
0.633625000
0.640000000
0.646375000
0.652875000
0.659375000
0.666062500
0.673125000
0.680625000
0.688812500
0.696750000
0.833625000
0.842500000
0.852187500
0.861625000
0.871062500
0.880562500
0.890312500
0.899562500
0.906875000
0.918500000
0.925375000
0.933125000
0.941250000
0.959937500
0.969312500
0.978687500
0.988125000
0.997750000
1.007125000
1.016687500
1.026062500
1.035687500
1.045562500
1.055375000
1.064625000
1.074000000
1.083437500
1.093062500
1.103062500
1.112937500
1.122562500
1.132125000
1.141625000
1.150687500
1.159625000
1.168312500
1.176875000
1.185250000
1.193500000
1.201562500
1.209562500
1.217500000
1.225500000
1.233500000
1.241375000
1.249312500
1.257437500
1.265875000
1.274250000
1.283187500
1.292187500
1.301812500
1.312000000
1.349062500
1.355937500
1.364625000
1.373375000
1.382125000
1.391062500
1.400125000
1.409312500
1.418250000
1.427187500
1.436000000
1.444625000
1.453250000
1.461875000
1.470625000
1.604375000
1.610937500
1.620000000
1.630375000
1.639187500
1.650062500
1.659437500
1.670125000
1.679562500
1.690125000
1.699625000
1.710500000
1.720312500
1.731437500
1.831250000
1.838125000
1.846500000
1.855312500
1.864062500
1.873000000
1.881875000
1.890812500
1.899687500
1.908750000
1.917750000
1.926875000
1.936062500
1.945187500
1.954437500
1.964187500
1.974187500
1.985875000
1.995562500
2.003937500
2.013625000
2.023187500
2.032937500
2.042687500
2.052687500
2.062375000
2.072687500
2.083750000
2.096062500
2.170875000
2.179687500
2.187500000
2.196875000
2.206062500
2.215437500
2.224125000
2.233250000
2.242000000
2.250875000
2.259625000
2.268312500
2.277437500
2.286562500
2.295625000
2.306750000
2.409375000
2.416062500
2.425062500
2.434187500
2.443062500
2.453062500
2.463437500
2.473875000
2.484437500
2.495312500
2.506312500
2.516812500
2.527625000
2.538312500
2.549000000
2.559500000
2.571000000
2.580687500
2.591750000
2.603250000
