0.301312500
0.307875000
0.315937500
0.324250000
0.332750000
0.341187500
0.350000000
0.358625000
0.367250000
0.375812500
0.384250000
0.392562500
0.401062500
0.409687500
0.418562500
0.427437500
0.436687500
0.446250000
0.661562500
0.667875000
0.674750000
0.681312500
0.687937500
0.694500000
0.701062500
0.707812500
0.714312500
0.721062500
0.727750000
0.734375000
0.741187500
0.748250000
0.754937500
0.761812500
0.768937500
0.776187500
0.783625000
0.791375000
0.799562500
0.806750000
0.831312500
0.837500000
0.844812500
0.852125000
0.859500000
0.867062500
0.874437500
0.881812500
0.889562500
0.896937500
0.904625000
0.912187500
0.919937500
0.927625000
0.935812500
1.030250000
1.037750000
1.045375000
1.053125000
1.061062500
1.069375000
1.078062500
1.087750000
1.252687500
1.260062500
1.267937500
1.275812500
1.283750000
1.292062500
1.300437500
1.309062500
1.318187500
1.327687500
1.337375000
1.347625000
1.358812500
1.370562500
1.378312500
1.387312500
1.844312500
1.919875000
1.926812500
1.936000000
1.944562500
1.953562500
1.962562500
1.971750000
1.981187500
1.990750000
2.000812500
2.010437500
2.019937500
2.029562500
2.039250000
2.048812500
2.058562500
2.068062500
2.077937500
2.088000000
2.098187500
2.109062500
2.119875000
2.131937500
2.143437500
2.153750000
2.163062500
2.173250000
2.182562500
2.194125000
2.204375000
2.214375000
2.224562500
2.234437500
2.244125000
2.253812500
2.263125000
2.272375000
2.281750000
2.290812500
2.300187500
2.309062500
2.318187500
2.327000000
2.335937500
2.344687500
2.353125000
2.361750000
2.370312500
2.378687500
2.387000000
2.395500000
2.403500000
2.411625000
2.420125000
2.429000000
2.437875000
2.447187500
2.456687500
2.511500000
2.519250000
2.528312500
2.537562500
2.546500000
2.555562500
2.564562500
2.573687500
2.582750000
2.591375000
2.600375000
2.609062500
2.617937500
2.627000000
2.636062500
2.645500000
2.654875000
2.665125000
2.674562500
2.684562500
2.694375000
2.703937500
2.714875000
2.724000000
2.733187500
2.742250000
2.751375000
2.760500000
2.769500000
2.778687500
2.787875000
2.797062500
2.806187500
2.815312500
2.824437500
2.833500000
2.842625000
2.851875000
2.861250000
2.870875000
2.881562500
2.925375000
2.933375000
2.942812500
2.952187500
2.962125000
2.972062500
2.982312500
2.992500000
3.002875000
3.013187500
3.023875000
3.034625000
3.045500000
3.056437500
3.067812500
3.078937500
3.090750000
3.103687500
3.111250000
3.121812500
3.129937500
3.139750000
3.149687500
