0.153375000
0.244062500
0.251062500
0.259875000
0.268062500
0.276562500
0.285062500
0.293437500
0.301875000
0.310437500
0.318937500
0.327562500
0.336250000
0.344875000
0.353750000
0.362812500
0.371937500
0.381000000
0.389875000
0.398437500
0.407000000
0.415687500
0.424375000
0.433062500
0.441937500
0.450875000
0.459750000
0.468812500
0.477812500
0.486875000
0.495937500
0.505062500
0.514187500
0.523250000
0.531937500
0.540625000
0.549187500
0.557437500
0.565625000
0.573875000
0.582125000
0.590125000
0.598062500
0.606000000
0.613812500
0.621562500
0.629250000
0.637000000
0.644812500
0.652437500
0.660250000
0.668000000
0.675625000
0.683375000
0.691250000
0.699250000
0.707125000
0.715187500
0.723187500
0.731437500
0.739812500
0.748437500
0.757437500
0.767250000
0.834312500
0.840312500
0.848437500
0.856500000
0.864500000
0.872687500
0.881062500
0.889250000
0.897812500
0.906187500
0.915437500
0.924250000
0.933812500
0.944062500
1.114437500
1.122312500
1.131375000
1.140375000
1.149625000
1.158875000
1.168500000
1.178312500
1.188125000
1.198000000
1.207687500
1.217625000
1.227625000
1.238687500
1.248937500
1.259625000
1.270812500
1.281750000
1.293000000
1.303937500
1.324187500
1.333187500
1.344250000
1.355187500
1.365937500
1.377125000
